#INCLUSive Motif Model v1.0
#
#ID = AHRHIF_Q6
#W = 9
#Consensus = NRCGTGNGN
0.127659574468085	0.212765957446809	0.25531914893617	0.404255319148936
0.417021276595745	0.01	0.562978723404255	0.01
0.0208510638297873	0.959148936170213	0.01	0.01
0.01	0.01	0.97	0.01
0.01	0.01	0.01	0.97
0.01	0.01	0.97	0.01
0.276595744680851	0.468085106382979	0.106382978723404	0.148936170212766
0.106382978723404	0.234042553191489	0.531914893617021	0.127659574468085
0.191489361702128	0.276595744680851	0.361702127659574	0.170212765957447
#
