#INCLUSive Motif Model v1.0
#
#ID = AP1_Q2
#W = 11
#Consensus = RSTGACTNANW
0.424285714285715	0.0707142857142857	0.495	0.01
0.212142857142857	0.353571428571428	0.424285714285715	0.01
0.01	0.01	0.01	0.97
0.01	0.01	0.97	0.01
0.97	0.01	0.01	0.01
0.01	0.91	0.01	0.07
0.142857142857143	0.0714285714285714	0.142857142857143	0.642857142857143
0.285714285714286	0.428571428571429	0.142857142857143	0.142857142857143
0.571428571428571	0.285714285714286	0.0714285714285714	0.0714285714285714
0.142857142857143	0.142857142857143	0.5	0.214285714285714
0.428571428571429	0.0714285714285714	0.0714285714285714	0.428571428571429
#
