#INCLUSive Motif Model v1.0
#
#ID = AP1_Q2_01
#W = 12
#Consensus = TGACTCANNSKN
0.01	0.01	0.01	0.97
0.01	0.01	0.916086956521739	0.0639130434782608
0.97	0.01	0.01	0.01
0.0434782608695652	0.782608695652174	0.108695652173913	0.0652173913043478
0.173913043478261	0.130434782608696	0.130434782608696	0.565217391304348
0.130434782608696	0.565217391304348	0.0652173913043478	0.239130434782609
0.695652173913043	0.152173913043478	0.0652173913043478	0.0869565217391304
0.282608695652174	0.239130434782609	0.195652173913043	0.282608695652174
0.239130434782609	0.195652173913043	0.304347826086957	0.260869565217391
0.0434782608695652	0.304347826086957	0.478260869565217	0.173913043478261
0.108695652173913	0.108695652173913	0.391304347826087	0.391304347826087
0.173913043478261	0.260869565217391	0.282608695652174	0.282608695652174
#
