#INCLUSive Motif Model v1.0
#
#ID = AP1_Q6
#W = 11
#Consensus = NNTGACTCANN
0.25	0.214285714285714	0.410714285714286	0.125
0.321428571428571	0.303571428571429	0.321428571428571	0.0535714285714286
0.01	0.01	0.01	0.97
0.01	0.01	0.97	0.01
0.9625	0.0175	0.01	0.01
0.0535714285714286	0.785714285714286	0.0892857142857143	0.0714285714285714
0.0714285714285714	0.0892857142857143	0.125	0.714285714285714
0.232142857142857	0.535714285714286	0.0892857142857143	0.142857142857143
0.678571428571429	0.178571428571429	0.0892857142857143	0.0535714285714286
0.196428571428571	0.232142857142857	0.321428571428571	0.25
0.196428571428571	0.267857142857143	0.178571428571429	0.357142857142857
#
