#INCLUSive Motif Model v1.0
#
#ID = AP1_Q4_01
#W = 8
#Consensus = TGAGTCAN
0.0672268907563025	0.0588235294117647	0.159663865546218	0.714285714285714
0.226890756302521	0.0420168067226891	0.546218487394958	0.184873949579832
0.638655462184874	0.109243697478992	0.109243697478992	0.142857142857143
0.0504201680672269	0.142857142857143	0.722689075630252	0.0840336134453782
0.01	0.00823529411764705	0.01	0.971764705882353
0.0336134453781513	0.941176470588235	0.00840336134453781	0.0168067226890756
0.971764705882353	0.00823529411764705	0.01	0.01
0.100840336134454	0.243697478991597	0.252100840336134	0.403361344537815
#
