#INCLUSive Motif Model v1.0
#
#ID = AP1_Q4
#W = 11
#Consensus = RGTGACTMANN
0.434782608695652	0.0869565217391304	0.434782608695652	0.0434782608695652
0.215217391304348	0.258260869565217	0.516521739130435	0.01
0.01	0.01	0.01	0.97
0.01	0.01	0.97	0.01
0.937391304347826	0.01	0.0426086956521739	0.01
0.01	0.894782608695653	0.01	0.0852173913043478
0.0869565217391304	0.0869565217391304	0.0869565217391304	0.739130434782609
0.391304347826087	0.391304347826087	0.130434782608696	0.0869565217391304
0.695652173913043	0.217391304347826	0.0434782608695652	0.0434782608695652
0.130434782608696	0.260869565217391	0.434782608695652	0.173913043478261
0.260869565217391	0.173913043478261	0.130434782608696	0.434782608695652
#
