#INCLUSive Motif Model v1.0
#
#ID = AP1_01
#W = 13
#Consensus = NNNTGAGTCAKCN
0.127659574468085	0.319148936170213	0.404255319148936	0.148936170212766
0.297872340425532	0.25531914893617	0.276595744680851	0.170212765957447
0.404255319148936	0.0638297872340425	0.340425531914894	0.191489361702128
0.0851063829787234	0.0425531914893617	0.106382978723404	0.765957446808511
0.0851063829787234	0.0425531914893617	0.702127659574468	0.170212765957447
0.765957446808511	0.0851063829787234	0.0425531914893617	0.106382978723404
0.0638297872340425	0.276595744680851	0.617021276595745	0.0425531914893617
0.01	0.01	0.01	0.97
0.0421276595744681	0.926808510638297	0.01	0.0210638297872341
0.97	0.01	0.01	0.01
0.0425531914893617	0.170212765957447	0.51063829787234	0.276595744680851
0.212765957446809	0.51063829787234	0.106382978723404	0.170212765957447
0.319148936170213	0.25531914893617	0.234042553191489	0.191489361702128
#
