#INCLUSive Motif Model v1.0
#
#ID = AP1_Q6_01
#W = 9
#Consensus = NTGACTCAN
0.407692307692308	0.223076923076923	0.269230769230769	0.1
0.01	0.01	0.00753846153846154	0.972461538461538
0.00769230769230769	0.00769230769230769	0.953846153846154	0.0307692307692308
0.972461538461538	0.01	0.00753846153846154	0.01
0.0538461538461538	0.715384615384615	0.123076923076923	0.107692307692308
0.146153846153846	0.115384615384615	0.107692307692308	0.630769230769231
0.2	0.546153846153846	0.0384615384615385	0.215384615384615
0.7	0.176923076923077	0.0538461538461538	0.0692307692307692
0.292307692307692	0.184615384615385	0.269230769230769	0.253846153846154
#
