#INCLUSive Motif Model v1.0
#
#ID = AP1FJ_Q2
#W = 11
#Consensus = RSTGACTNMNW
0.352941176470588	0.117647058823529	0.470588235294118	0.0588235294117647
0.174705882352941	0.291176470588236	0.524117647058823	0.01
0.01	0.01	0.01	0.97
0.01	0.01	0.97	0.01
0.97	0.01	0.01	0.01
0.01	0.92235294117647	0.01	0.0576470588235294
0.176470588235294	0.117647058823529	0.176470588235294	0.529411764705882
0.235294117647059	0.411764705882353	0.117647058823529	0.235294117647059
0.529411764705882	0.352941176470588	0.0588235294117647	0.0588235294117647
0.235294117647059	0.176470588235294	0.411764705882353	0.176470588235294
0.352941176470588	0.176470588235294	0.0588235294117647	0.411764705882353
#
