#INCLUSive Motif Model v1.0
#
#ID = AP2_Q6
#W = 12
#Consensus = MKCCCSCNGGCG
0.304615384615385	0.456923076923077	0.228461538461539	0.01
0.228461538461539	0.01	0.456923076923077	0.304615384615385
0.01	0.829230769230769	0.01	0.150769230769231
0.01	0.97	0.01	0.01
0.01	0.904615384615384	0.01	0.0753846153846154
0.152307692307692	0.380769230769231	0.456923076923077	0.01
0.152307692307692	0.609230769230769	0.228461538461539	0.01
0.307692307692308	0.384615384615385	0.230769230769231	0.0769230769230769
0.0769230769230769	0.0769230769230769	0.769230769230769	0.0769230769230769
0.152307692307692	0.152307692307692	0.685384615384615	0.01
0.228461538461539	0.685384615384615	0.0761538461538461	0.01
0.0769230769230769	0.230769230769231	0.615384615384615	0.0769230769230769
#
