#INCLUSive Motif Model v1.0
#
#ID = AR_Q2
#W = 15
#Consensus = AGWACATNWTGTTCT
0.84	0.01	0.14	0.01
0.14	0.01	0.84	0.01
0.42	0.01	0.01	0.559999999999999
0.7	0.01	0.28	0.01
0.01	0.7	0.28	0.01
0.571428571428571	0.142857142857143	0.142857142857143	0.142857142857143
0.01	0.141428571428572	0.141428571428572	0.707142857142857
0.142857142857143	0.142857142857143	0.428571428571429	0.285714285714286
0.424285714285715	0.141428571428572	0.01	0.424285714285715
0.28	0.01	0.01	0.7
0.01	0.01	0.97	0.01
0.01	0.01	0.01	0.97
0.28	0.01	0.01	0.7
0.01	0.97	0.01	0.01
0.14	0.01	0.01	0.84
#
