#INCLUSive Motif Model v1.0
#
#ID = AR_Q6
#W = 9
#Consensus = WGAGCANRN
0.366666666666667	0.0666666666666667	0.133333333333333	0.433333333333333
0.0333333333333333	0.166666666666667	0.766666666666667	0.0333333333333333
0.858	0.01	0.033	0.099
0.266666666666667	0.0333333333333333	0.666666666666667	0.0333333333333333
0.133333333333333	0.733333333333333	0.0333333333333333	0.1
0.947333333333334	0.0326666666666666	0.01	0.01
0.266666666666667	0.4	0.166666666666667	0.166666666666667
0.363	0.01	0.429	0.198
0.3	0.2	0.2	0.3
#
