#INCLUSive Motif Model v1.0
#
#ID = ARNT_02
#W = 20
#Consensus = NNNNNRTCACGTGAYNNNNN
0.166666666666667	0.380952380952381	0.333333333333333	0.119047619047619
0.333333333333333	0.30952380952381	0.285714285714286	0.0714285714285714
0.333333333333333	0.19047619047619	0.261904761904762	0.214285714285714
0.333333333333333	0.285714285714286	0.19047619047619	0.19047619047619
0.238095238095238	0.166666666666667	0.357142857142857	0.238095238095238
0.357142857142857	0.119047619047619	0.452380952380952	0.0714285714285714
0.141428571428572	0.01	0.188571428571428	0.66
0.01	0.97	0.01	0.01
0.97	0.01	0.01	0.01
0.01	0.97	0.01	0.01
0.01	0.01	0.97	0.01
0.01	0.01	0.01	0.97
0.01	0.01	0.97	0.01
0.66	0.188571428571428	0.01	0.141428571428572
0.0714285714285714	0.452380952380952	0.119047619047619	0.357142857142857
0.238095238095238	0.357142857142857	0.166666666666667	0.238095238095238
0.19047619047619	0.19047619047619	0.285714285714286	0.333333333333333
0.214285714285714	0.261904761904762	0.19047619047619	0.333333333333333
0.0714285714285714	0.285714285714286	0.30952380952381	0.333333333333333
0.119047619047619	0.333333333333333	0.380952380952381	0.166666666666667
#
