#INCLUSive Motif Model v1.0
#
#ID = ARNT_01
#W = 16
#Consensus = NDDNNCACGTGNNNNN
0.247524752475248	0.128712871287129	0.495049504950495	0.128712871287129
0.297	0.01	0.297	0.396
0.3267	0.01	0.2475	0.4158
0.33	0.08	0.42	0.17
0.168316831683168	0.168316831683168	0.247524752475248	0.415841584158416
0.196	0.784	0.01	0.01
0.931	0.01	0.049	0.01
0.01	0.97	0.01	0.01
0.01	0.01	0.97	0.01
0.01	0.01	0.01	0.97
0.01	0.01	0.97	0.01
0.237623762376238	0.346534653465347	0.237623762376238	0.178217821782178
0.14	0.36	0.14	0.36
0.168316831683168	0.415841584158416	0.247524752475248	0.168316831683168
0.1	0.2	0.4	0.3
0.128712871287129	0.376237623762376	0.247524752475248	0.247524752475248
#
