#INCLUSive Motif Model v1.0
#
#ID = ATF3_Q6
#W = 14
#Consensus = CBCTGACGTCANCS
0.166666666666667	0.5	0.166666666666667	0.166666666666667
0.01	0.282857142857143	0.282857142857143	0.424285714285715
0.141428571428572	0.565714285714285	0.282857142857143	0.01
0.01	0.01	0.01	0.97
0.01	0.01	0.890909090909091	0.0890909090909091
0.890909090909091	0.0890909090909091	0.01	0.01
0.01	0.81	0.09	0.09
0.1225	0.01	0.8575	0.01
0.01	0.01	0.01	0.97
0.01	0.882	0.098	0.01
0.784	0.01	0.01	0.196
0.125	0.25	0.25	0.375
0.01	0.707142857142857	0.141428571428572	0.141428571428572
0.01	0.42	0.559999999999999	0.01
#
