#INCLUSive Motif Model v1.0
#
#ID = BACH1_01
#W = 15
#Consensus = NNSATGAGTCATGNT
0.481481481481481	0.185185185185185	0.259259259259259	0.0740740740740741
0.222222222222222	0.333333333333333	0.222222222222222	0.222222222222222
0.111111111111111	0.333333333333333	0.444444444444444	0.111111111111111
0.733333333333334	0.0366666666666666	0.22	0.01
0.01	0.01	0.01	0.97
0.01	0.01	0.97	0.01
0.97	0.01	0.01	0.01
0.01	0.01	0.97	0.01
0.01	0.01	0.01	0.97
0.01	0.97	0.01	0.01
0.97	0.01	0.01	0.01
0.037037037037037	0.111111111111111	0.037037037037037	0.814814814814815
0.148148148148148	0.222222222222222	0.518518518518518	0.111111111111111
0.259259259259259	0.333333333333333	0.259259259259259	0.148148148148148
0.0740740740740741	0.259259259259259	0.148148148148148	0.518518518518518
#
