#INCLUSive Motif Model v1.0
#
#ID = BACH2_01
#W = 11
#Consensus = SRTGAGTCANC
0.0909090909090909	0.5	0.318181818181818	0.0909090909090909
0.384615384615385	0.0769230769230769	0.5	0.0384615384615385
0.01	0.01	0.0753846153846154	0.904615384615384
0.01	0.01	0.942307692307693	0.0376923076923077
0.692307692307692	0.230769230769231	0.0384615384615385	0.0384615384615385
0.0753846153846154	0.01	0.904615384615384	0.01
0.0380769230769231	0.01	0.0380769230769231	0.913846153846154
0.0761538461538461	0.875769230769231	0.0380769230769231	0.01
0.935454545454546	0.01	0.0445454545454546	0.01
0.1	0.25	0.15	0.5
0.15	0.55	0.25	0.05
#
