#INCLUSive Motif Model v1.0
#
#ID = CART1_01
#W = 18
#Consensus = NNNTAATTNNCATTANCN
0.416666666666667	0.333333333333333	0.125	0.125
0.333333333333333	0.333333333333333	0.291666666666667	0.0416666666666667
0.24	0.44	0.12	0.2
0.01	0.01	0.01	0.97
0.8712	0.01	0.0396	0.0792
0.97	0.01	0.01	0.01
0.01	0.0392	0.01	0.9408
0.01	0.0792	0.2376	0.6732
0.4	0.28	0.16	0.16
0.28	0.32	0.2	0.2
0.2475	0.495	0.01	0.2475
0.8712	0.0396	0.0792	0.01
0.01	0.0392	0.01	0.9408
0.0792	0.0396	0.01	0.8712
0.8	0.04	0.12	0.04
0.0833333333333333	0.25	0.291666666666667	0.375
0.0869565217391304	0.521739130434783	0.130434782608696	0.260869565217391
0.25	0.15	0.3	0.3
#
