#INCLUSive Motif Model v1.0
#
#ID = CEBP_Q3
#W = 12
#Consensus = NNNTKNNGNAAN
0.27906976744186	0.186046511627907	0.27906976744186	0.255813953488372
0.348837209302326	0.162790697674419	0.255813953488372	0.232558139534884
0.333333333333333	0.209302325581395	0.286821705426357	0.170542635658915
0.209302325581395	0.13953488372093	0.0775193798449612	0.573643410852713
0.0930232558139535	0.10077519379845	0.271317829457364	0.534883720930233
0.255813953488372	0.10077519379845	0.224806201550388	0.418604651162791
0.186046511627907	0.0775193798449612	0.403100775193798	0.333333333333333
0.01	0.01	0.97	0.01
0.170542635658915	0.449612403100775	0.131782945736434	0.248062015503876
0.86046511627907	0.0852713178294574	0.0155038759689922	0.0387596899224806
0.959302325581395	0.00767441860465116	0.0230232558139535	0.01
0.3046875	0.21875	0.1875	0.2890625
#
