#INCLUSive Motif Model v1.0
#
#ID = CEBPA_01
#W = 14
#Consensus = NNATTRCNNAANNN
0.372093023255814	0.232558139534884	0.162790697674419	0.232558139534884
0.209302325581395	0.232558139534884	0.255813953488372	0.302325581395349
0.534883720930233	0.116279069767442	0.186046511627907	0.162790697674419
0.01	0.01	0.01	0.97
0.01	0.01	0.0227906976744186	0.957209302325582
0.325581395348837	0.0465116279069767	0.581395348837209	0.0465116279069767
0.0930232558139535	0.651162790697674	0.186046511627907	0.0697674418604651
0.302325581395349	0.255813953488372	0.186046511627907	0.255813953488372
0.348837209302326	0.302325581395349	0.0465116279069767	0.302325581395349
0.674418604651163	0.209302325581395	0.0465116279069767	0.0697674418604651
0.697674418604651	0.13953488372093	0.116279069767442	0.0465116279069767
0.255813953488372	0.255813953488372	0.209302325581395	0.27906976744186
0.232558139534884	0.395348837209302	0.162790697674419	0.209302325581395
0.372093023255814	0.186046511627907	0.162790697674419	0.27906976744186
#
