#INCLUSive Motif Model v1.0
#
#ID = CEBP_01
#W = 13
#Consensus = NNTKTGGWNANNN
0.227272727272727	0.136363636363636	0.181818181818182	0.454545454545455
0.318181818181818	0.272727272727273	0.318181818181818	0.0909090909090909
0.225	0.01	0.135	0.63
0.135	0.01	0.36	0.495
0.09	0.01	0.09	0.81
0.01	0.01	0.97	0.01
0.0909090909090909	0.227272727272727	0.545454545454545	0.136363636363636
0.363636363636364	0.0454545454545455	0.0909090909090909	0.5
0.454545454545455	0.0909090909090909	0.181818181818182	0.272727272727273
0.712727272727272	0.01	0.01	0.267272727272727
0.272727272727273	0.227272727272727	0.318181818181818	0.181818181818182
0.181818181818182	0.181818181818182	0.318181818181818	0.318181818181818
0.181818181818182	0.318181818181818	0.181818181818182	0.318181818181818
#
