#INCLUSive Motif Model v1.0
#
#ID = CEBPGAMMA_Q6
#W = 13
#Consensus = CTBATTTCARAAW
0.141428571428572	0.565714285714285	0.01	0.282857142857143
0.01	0.28	0.01	0.7
0.01	0.424285714285715	0.282857142857143	0.282857142857143
0.97	0.01	0.01	0.01
0.01	0.28	0.01	0.7
0.01	0.01	0.28	0.7
0.28	0.01	0.01	0.7
0.28	0.7	0.01	0.01
0.84	0.01	0.01	0.14
0.424285714285715	0.141428571428572	0.424285714285715	0.01
0.97	0.01	0.01	0.01
0.707142857142857	0.01	0.141428571428572	0.141428571428572
0.424285714285715	0.141428571428572	0.01	0.424285714285715
#
