#INCLUSive Motif Model v1.0
#
#ID = CHX10_01
#W = 14
#Consensus = NNNTAATTAGCNNN
0.25	0.1875	0.3125	0.25
0.222222222222222	0.222222222222222	0.444444444444444	0.111111111111111
0.15	0.4	0.25	0.2
0.01	0.049	0.01	0.931
0.97	0.01	0.01	0.01
0.97	0.01	0.01	0.01
0.049	0.01	0.01	0.931
0.01	0.01	0.01	0.97
0.891	0.0495	0.01	0.0495
0.0495	0.099	0.8415	0.01
0.156315789473684	0.781578947368421	0.0521052631578947	0.01
0.157894736842105	0.263157894736842	0.315789473684211	0.263157894736842
0.315789473684211	0.315789473684211	0.157894736842105	0.210526315789474
0.388888888888889	0.111111111111111	0.222222222222222	0.277777777777778
#
