#INCLUSive Motif Model v1.0
#
#ID = CREB_Q2
#W = 12
#Consensus = NSTGACGTAANN
0.0666666666666667	0.266666666666667	0.466666666666667	0.2
0.066	0.396	0.528	0.01
0.01	0.01	0.01	0.97
0.01	0.01	0.97	0.01
0.97	0.01	0.01	0.01
0.01	0.97	0.01	0.01
0.0653333333333334	0.01	0.914666666666666	0.01
0.066	0.264	0.01	0.66
0.726	0.198	0.01	0.066
0.6	0.0666666666666667	0.2	0.133333333333333
0.133333333333333	0.266666666666667	0.333333333333333	0.266666666666667
0.133333333333333	0.333333333333333	0.4	0.133333333333333
#
