#INCLUSive Motif Model v1.0
#
#ID = CREL_01
#W = 10
#Consensus = SGGRNTTTCC
0.01	0.291176470588236	0.465882352941177	0.232941176470588
0.01	0.01	0.92235294117647	0.0576470588235294
0.0582352941176471	0.01	0.873529411764706	0.0582352941176471
0.294117647058824	0.0588235294117647	0.529411764705882	0.117647058823529
0.352941176470588	0.294117647058824	0.176470588235294	0.176470588235294
0.294117647058824	0.0588235294117647	0.0588235294117647	0.588235294117647
0.0576470588235294	0.01	0.01	0.92235294117647
0.115294117647058	0.01	0.01	0.864705882352942
0.01	0.864705882352942	0.01	0.115294117647058
0.0576470588235294	0.92235294117647	0.01	0.01
#
