#INCLUSive Motif Model v1.0
#
#ID = CRX_Q4
#W = 13
#Consensus = YNNNTAATCYSMN
0.08	0.36	0.04	0.52
0.115384615384615	0.346153846153846	0.192307692307692	0.346153846153846
0.423076923076923	0.230769230769231	0.153846153846154	0.192307692307692
0.153846153846154	0.423076923076923	0.115384615384615	0.307692307692308
0.01	0.01	0.01	0.97
0.913846153846154	0.01	0.0380769230769231	0.0380769230769231
0.97	0.01	0.01	0.01
0.0769230769230769	0.115384615384615	0.153846153846154	0.653846153846154
0.0769230769230769	0.653846153846154	0.115384615384615	0.153846153846154
0.152307692307692	0.456923076923077	0.01	0.380769230769231
0.01	0.533076923076923	0.266538461538461	0.190384615384615
0.461538461538462	0.346153846153846	0.0384615384615385	0.153846153846154
0.0769230769230769	0.423076923076923	0.230769230769231	0.269230769230769
#
