#INCLUSive Motif Model v1.0
#
#ID = E2A_Q2
#W = 14
#Consensus = NCACCTGYYNCNKN
0.153846153846154	0.461538461538462	0.230769230769231	0.153846153846154
0.01	0.97	0.01	0.01
0.904615384615384	0.0753846153846154	0.01	0.01
0.0761538461538461	0.685384615384615	0.228461538461539	0.01
0.152307692307692	0.761538461538461	0.01	0.0761538461538461
0.01	0.01	0.01	0.97
0.01	0.01	0.97	0.01
0.0769230769230769	0.384615384615385	0.153846153846154	0.384615384615385
0.0761538461538461	0.609230769230769	0.01	0.304615384615385
0.153846153846154	0.230769230769231	0.307692307692308	0.307692307692308
0.0769230769230769	0.615384615384615	0.0769230769230769	0.230769230769231
0.307692307692308	0.230769230769231	0.230769230769231	0.230769230769231
0.01	0.0761538461538461	0.533076923076923	0.380769230769231
0.230769230769231	0.230769230769231	0.307692307692308	0.230769230769231
#
