#INCLUSive Motif Model v1.0
#
#ID = E2F1_Q6_01
#W = 10
#Consensus = NTTTCGCGCS
0.263157894736842	0.0526315789473684	0.368421052631579	0.315789473684211
0.0526315789473684	0.105263157894737	0.105263157894737	0.736842105263158
0.105263157894737	0.0526315789473684	0.0526315789473684	0.789473684210526
0.0521052631578947	0.156315789473684	0.01	0.781578947368421
0.01	0.670526315789473	0.309473684210527	0.01
0.01	0.309473684210527	0.670526315789473	0.01
0.01	0.97	0.01	0.01
0.01	0.01	0.97	0.01
0.01	0.670526315789473	0.309473684210527	0.01
0.01	0.521052631578947	0.312631578947369	0.156315789473684
#
