#INCLUSive Motif Model v1.0
#
#ID = E2F1_Q4_01
#W = 9
#Consensus = TTTSGCGSG
0.0645161290322581	0.193548387096774	0.032258064516129	0.709677419354839
0.0319354838709677	0.01	0.0638709677419355	0.894193548387097
0.032258064516129	0.0967741935483871	0.032258064516129	0.838709677419355
0.0319354838709677	0.383225806451613	0.57483870967742	0.01
0.01	0.158064516129032	0.821935483870968	0.01
0.01	0.97	0.01	0.01
0.01	0.01	0.97	0.01
0.01	0.600645161290323	0.379354838709677	0.01
0.032258064516129	0.161290322580645	0.645161290322581	0.161290322580645
#
