#INCLUSive Motif Model v1.0
#
#ID = E2F_Q4_01
#W = 11
#Consensus = NCSCGCSAAAN
0.032258064516129	0.225806451612903	0.354838709677419	0.387096774193548
0.161290322580645	0.645161290322581	0.161290322580645	0.032258064516129
0.01	0.379354838709677	0.600645161290323	0.01
0.01	0.97	0.01	0.01
0.01	0.01	0.97	0.01
0.01	0.821935483870968	0.158064516129032	0.01
0.01	0.57483870967742	0.383225806451613	0.0319354838709677
0.838709677419355	0.032258064516129	0.0967741935483871	0.032258064516129
0.894193548387097	0.0638709677419355	0.01	0.0319354838709677
0.709677419354839	0.032258064516129	0.193548387096774	0.0645161290322581
0.258064516129032	0.290322580645161	0.193548387096774	0.258064516129032
#
