#INCLUSive Motif Model v1.0
#
#ID = E2F_03
#W = 12
#Consensus = TTTSGCGCGMNR
0.0689655172413793	0.103448275862069	0.0689655172413793	0.758620689655172
0.0344827586206897	0.0344827586206897	0.0689655172413793	0.862068965517241
0.01	0.0341379310344828	0.0682758620689655	0.887586206896552
0.0341379310344828	0.443793103448276	0.512068965517242	0.01
0.01	0.101379310344828	0.878620689655172	0.01
0.01	0.97	0.01	0.01
0.01	0.01	0.97	0.01
0.01	0.743448275862069	0.236551724137931	0.01
0.0344827586206897	0.275862068965517	0.586206896551724	0.103448275862069
0.517241379310345	0.310344827586207	0.103448275862069	0.0689655172413793
0.448275862068966	0.0344827586206897	0.241379310344828	0.275862068965517
0.448275862068966	0.137931034482759	0.310344827586207	0.103448275862069
#
