#INCLUSive Motif Model v1.0
#
#ID = E2F_Q6_01
#W = 12
#Consensus = NKCGCGCSAAAN
0.282051282051282	0.282051282051282	0.102564102564103	0.333333333333333
0.0256410256410256	0.205128205128205	0.358974358974359	0.41025641025641
0.153846153846154	0.666666666666667	0.153846153846154	0.0256410256410256
0.01	0.304615384615385	0.66	0.0253846153846153
0.01	0.97	0.01	0.01
0.01	0.01	0.97	0.01
0.01	0.904615384615384	0.0753846153846154	0.01
0.01	0.507692307692308	0.406153846153846	0.0761538461538461
0.829230769230769	0.01	0.150769230769231	0.01
0.863076923076923	0.0761538461538461	0.0507692307692308	0.01
0.692307692307692	0.0512820512820513	0.205128205128205	0.0512820512820513
0.230769230769231	0.358974358974359	0.179487179487179	0.230769230769231
#
