#INCLUSive Motif Model v1.0
#
#ID = EBOX_Q6
#W = 9
#Consensus = CACNTGNCN
0.00712230215827338	0.96863309352518	0.01	0.0142446043165468
0.884892086330935	0.0575539568345324	0.0143884892086331	0.0431654676258993
0.0287769784172662	0.748201438848921	0.179856115107914	0.0431654676258993
0.20863309352518	0.323741007194245	0.424460431654676	0.0431654676258993
0.01	0.01	0.01	0.97
0.01	0.0213669064748201	0.961510791366907	0.00712230215827338
0.308823529411765	0.117647058823529	0.352941176470588	0.220588235294118
0.0441176470588235	0.617647058823529	0.0955882352941176	0.242647058823529
0.140740740740741	0.422222222222222	0.2	0.237037037037037
#
