#INCLUSive Motif Model v1.0
#
#ID = EGR2_01
#W = 12
#Consensus = NTGCGTRGGCGK
0.318	0.091	0.25	0.341
0.0559440559440559	0.036963036963037	0.0929070929070929	0.814185814185814
0.0372027972027972	0.01	0.942797202797203	0.01
0.0623076923076923	0.89010989010989	0.01	0.0375824175824176
0.01	0.01	0.97	0.01
0.01	0.01	0.01	0.97
0.3675	0.01	0.6125	0.01
0.01	0.01	0.97	0.01
0.01	0.01	0.97	0.01
0.0495	0.81675	0.01	0.12375
0.0128571428571429	0.01	0.964285714285714	0.0128571428571429
0.025974025974026	0.025974025974026	0.448551448551449	0.4995004995005
#
