#INCLUSive Motif Model v1.0
#
#ID = ER_Q6_02
#W = 11
#Consensus = NAGGTCANNNY
0.230769230769231	0.41025641025641	0.205128205128205	0.153846153846154
0.736153846153846	0.0761538461538461	0.177692307692307	0.01
0.0253846153846153	0.01	0.913846153846154	0.0507692307692308
0.01	0.01	0.97	0.01
0.0253846153846153	0.01	0.0761538461538461	0.888461538461538
0.0253846153846153	0.888461538461538	0.0761538461538461	0.01
0.93923076923077	0.0253846153846153	0.01	0.0253846153846153
0.153846153846154	0.435897435897436	0.205128205128205	0.205128205128205
0.179487179487179	0.282051282051282	0.41025641025641	0.128205128205128
0.179487179487179	0.282051282051282	0.435897435897436	0.102564102564103
0.102564102564103	0.282051282051282	0.0769230769230769	0.538461538461538
#
