#INCLUSive Motif Model v1.0
#
#ID = ETS1_B
#W = 15
#Consensus = RCAGGAAGTGNNTNS
0.39655722326454	0.225675422138837	0.367767354596623	0.01
0.0448212867355044	0.6463701350278	0.298808578236696	0.01
0.97	0.01	0.01	0.01
0.01	0.01	0.97	0.01
0.01	0.01	0.97	0.01
0.97	0.01	0.01	0.01
0.705920873124147	0.01	0.01	0.274079126875853
0.222175989085948	0.0587517053206002	0.709072305593452	0.01
0.01	0.156671214188268	0.133035470668486	0.700293315143247
0.231399317406143	0.112627986348123	0.542662116040956	0.113310580204778
0.322646657571623	0.265347885402456	0.274897680763984	0.137107776261937
0.0477815699658703	0.242320819112628	0.314675767918089	0.395221843003413
0.156313993174061	0.0389078498293515	0.206825938566553	0.597952218430034
0.17542662116041	0.265529010238908	0.425255972696246	0.133788395904437
0.208191126279863	0.403412969283276	0.349488054607508	0.0389078498293515
#
