#INCLUSive Motif Model v1.0
#
#ID = ETS2_B
#W = 14
#Consensus = KRCAGGAARTRNKT
0.231702127659574	0.01	0.422593085106383	0.335704787234043
0.545026595744681	0.107952127659574	0.337021276595745	0.01
0.01	0.754847277556441	0.225152722443559	0.01
0.97	0.01	0.01	0.01
0.01	0.01	0.97	0.01
0.01	0.01	0.97	0.01
0.97	0.01	0.01	0.01
0.861567065073041	0.01	0.01	0.118432934926959
0.32796812749004	0.01	0.65203187250996	0.01
0.01	0.30324037184595	0.01	0.67675962815405
0.442340425531915	0.223803191489362	0.323856382978723	0.01
0.343085106382979	0.316489361702128	0.117021276595745	0.223404255319149
0.01	0.235651595744681	0.339654255319149	0.41469414893617
0.219561752988048	0.123585657370518	0.01	0.646852589641434
#
