#INCLUSive Motif Model v1.0
#
#ID = ETS_Q6
#W = 8
#Consensus = ACTTCCTS
0.506172839506173	0.148148148148148	0.246913580246914	0.0987654320987654
0.037037037037037	0.679012345679012	0.0617283950617284	0.222222222222222
0.146666666666667	0.0244444444444445	0.01	0.818888888888889
0.01	0.01	0.01	0.97
0.01	0.97	0.01	0.01
0.0122222222222222	0.941111111111111	0.01	0.0366666666666666
0.0493827160493827	0.0987654320987654	0.172839506172839	0.679012345679012
0.0617283950617284	0.407407407407407	0.382716049382716	0.148148148148148
#
