#INCLUSive Motif Model v1.0
#
#ID = ETS_Q4
#W = 12
#Consensus = ANNCACTTCCTG
0.5	0.208333333333333	0.0625	0.229166666666667
0.3125	0.229166666666667	0.25	0.208333333333333
0.104166666666667	0.416666666666667	0.208333333333333	0.270833333333333
0.125	0.520833333333333	0.145833333333333	0.208333333333333
0.541666666666667	0.0833333333333333	0.270833333333333	0.104166666666667
0.0416666666666667	0.708333333333333	0.0416666666666667	0.208333333333333
0.245	0.01	0.01	0.735
0.01	0.01	0.01	0.97
0.01	0.97	0.01	0.01
0.01	0.97	0.01	0.01
0.0208333333333333	0.0625	0.125	0.791666666666667
0.0208333333333333	0.291666666666667	0.604166666666667	0.0833333333333333
#
