#INCLUSive Motif Model v1.0
#
#ID = EVI1_01
#W = 16
#Consensus = WGAYAAGATAAGATAA
0.533076923076923	0.01	0.0761538461538461	0.380769230769231
0.01	0.01	0.97	0.01
0.97	0.01	0.01	0.01
0.01	0.380769230769231	0.0761538461538461	0.533076923076923
0.904615384615384	0.01	0.01	0.0753846153846154
0.97	0.01	0.01	0.01
0.01	0.01	0.97	0.01
0.97	0.01	0.01	0.01
0.01	0.226153846153846	0.01	0.753846153846154
0.829230769230769	0.01	0.01	0.150769230769231
0.97	0.01	0.01	0.01
0.01	0.01	0.97	0.01
0.97	0.01	0.01	0.01
0.01	0.0761538461538461	0.0761538461538461	0.837692307692308
0.837692307692308	0.0761538461538461	0.01	0.0761538461538461
0.837692307692308	0.0761538461538461	0.01	0.0761538461538461
#
