#INCLUSive Motif Model v1.0
#
#ID = EVI1_05
#W = 11
#Consensus = AGATAAGATAN
0.729473684210526	0.01	0.0521052631578947	0.208421052631579
0.051578947368421	0.01	0.928421052631579	0.01
0.928421052631579	0.051578947368421	0.01	0.01
0.01	0.206315789473685	0.01	0.773684210526315
0.928421052631579	0.01	0.01	0.051578947368421
0.781578947368421	0.01	0.0521052631578947	0.156315789473684
0.051578947368421	0.01	0.928421052631579	0.01
0.928421052631579	0.01	0.01	0.051578947368421
0.051578947368421	0.01	0.01	0.928421052631579
0.928421052631579	0.01	0.01	0.051578947368421
0.388888888888889	0.0555555555555556	0.333333333333333	0.222222222222222
#
