#INCLUSive Motif Model v1.0
#
#ID = FOXJ2_02
#W = 14
#Consensus = AYMATAATATTTKN
0.594	0.198	0.198	0.01
0.165	0.33	0.01	0.495
0.49	0.49	0.01	0.01
0.816666666666666	0.01	0.01	0.163333333333334
0.01	0.326666666666666	0.01	0.653333333333334
0.97	0.01	0.01	0.01
0.97	0.01	0.01	0.01
0.01	0.163333333333334	0.01	0.816666666666666
0.816666666666666	0.01	0.163333333333334	0.01
0.01	0.165	0.165	0.66
0.01	0.163333333333334	0.01	0.816666666666666
0.01	0.01	0.163333333333334	0.816666666666666
0.165	0.01	0.33	0.495
0.166666666666667	0.166666666666667	0.166666666666667	0.5
#
