#INCLUSive Motif Model v1.0
#
#ID = FOXO3_01
#W = 14
#Consensus = TNNTTGTTTACNTW
0.19047619047619	0.19047619047619	0.0952380952380952	0.523809523809524
0.238095238095238	0.19047619047619	0.238095238095238	0.333333333333333
0.0454545454545455	0.272727272727273	0.454545454545455	0.227272727272727
0.01	0.01	0.0445454545454546	0.935454545454546
0.01	0.01	0.01	0.97
0.01	0.01	0.97	0.01
0.01	0.01	0.01	0.97
0.01	0.01	0.01	0.97
0.045	0.01	0.045	0.9
0.890909090909091	0.01	0.01	0.0890909090909091
0.01	0.855	0.045	0.09
0.428571428571429	0.0952380952380952	0.238095238095238	0.238095238095238
0.22	0.055	0.01	0.715
0.468947368421053	0.10421052631579	0.01	0.416842105263158
#
