#INCLUSive Motif Model v1.0
#
#ID = FOXO1_02
#W = 14
#Consensus = GNNTTGTTTACNTT
0.2	0.05	0.55	0.2
0.2	0.1	0.2	0.5
0.142857142857143	0.238095238095238	0.380952380952381	0.238095238095238
0.0942857142857143	0.0471428571428571	0.01	0.848571428571428
0.01	0.01	0.01	0.97
0.01	0.01	0.97	0.01
0.0466666666666666	0.01	0.01	0.933333333333333
0.0466666666666666	0.01	0.01	0.933333333333333
0.01	0.01	0.0466666666666666	0.933333333333333
0.886666666666667	0.01	0.01	0.0933333333333333
0.01	0.933333333333333	0.01	0.0466666666666666
0.35	0.05	0.35	0.25
0.15	0.15	0.15	0.55
0.01	0.260526315789474	0.208421052631579	0.521052631578947
#
