#INCLUSive Motif Model v1.0
#
#ID = FOXO4_02
#W = 14
#Consensus = NNGTTGTTTACNTN
0.363636363636364	0.272727272727273	0.181818181818182	0.181818181818182
0.136363636363636	0.227272727272727	0.227272727272727	0.409090909090909
0.01	0.09	0.63	0.27
0.01	0.01	0.01	0.97
0.01	0.01	0.01	0.97
0.01	0.01	0.97	0.01
0.01	0.01	0.01	0.97
0.01	0.01	0.01	0.97
0.09	0.045	0.01	0.855
0.846363636363637	0.01	0.01	0.133636363636363
0.01	0.890909090909091	0.01	0.0890909090909091
0.227272727272727	0.272727272727273	0.363636363636364	0.136363636363636
0.238095238095238	0.0952380952380952	0.0476190476190476	0.619047619047619
0.142857142857143	0.142857142857143	0.285714285714286	0.428571428571429
#
