#INCLUSive Motif Model v1.0
#
#ID = FOXP1_01
#W = 20
#Consensus = TTATTTGTRTTKKYTWKTWT
0.0128947368421053	0.01	0.01	0.967105263157895
0.01	0.01	0.01	0.97
0.967105263157895	0.01	0.0128947368421053	0.01
0.01	0.01	0.01	0.97
0.01	0.01	0.01	0.97
0.01	0.01	0.01	0.97
0.299605263157894	0.01	0.677368421052631	0.0130263157894737
0.01	0.01	0.01	0.97
0.361052631578947	0.01	0.618947368421053	0.01
0.01	0.01	0.01	0.97
0.01	0.01	0.01	0.97
0.01	0.01	0.618947368421053	0.361052631578947
0.01	0.01	0.361052631578947	0.618947368421053
0.01	0.325657894736842	0.0130263157894737	0.651315789473684
0.0260526315789474	0.01	0.273552631578947	0.690394736842106
0.348157894736842	0.01	0.01	0.631842105263158
0.01	0.01	0.335263157894737	0.644736842105263
0.01	0.0128947368421053	0.01	0.967105263157895
0.63828947368421	0.01	0.0130263157894737	0.338684210526316
0.01	0.01	0.01	0.97
#
