#INCLUSive Motif Model v1.0
#
#ID = GABP_B
#W = 12
#Consensus = VCCGGAAGNGCR
0.428604143947655	0.268822246455834	0.292573609596511	0.01
0.01	0.772897603485839	0.207102396514161	0.01
0.130632497273719	0.719018538713196	0.140348964013087	0.01
0.01	0.01	0.97	0.01
0.01	0.01	0.97	0.01
0.97	0.01	0.01	0.01
0.97	0.01	0.01	0.01
0.01	0.01	0.97	0.01
0.163576881134133	0.239912758996728	0.101417666303162	0.495092693565976
0.01	0.01	0.880718954248366	0.0992810457516343
0.01	0.646684841875682	0.226717557251908	0.11659760087241
0.480916030534351	0.0905125408942203	0.323882224645583	0.104689203925845
#
