#INCLUSive Motif Model v1.0
#
#ID = GATA_C
#W = 11
#Consensus = NGATAAGNMNN
0.427728194726166	0.01	0.267748478701826	0.294523326572008
0.01	0.01	0.97	0.01
0.97	0.01	0.01	0.01
0.01	0.0492703862660944	0.01	0.930729613733906
0.97	0.01	0.01	0.01
0.686586141131596	0.0890019071837254	0.166560712015257	0.0578512396694215
0.264868179031269	0.0515021459227468	0.632127529123237	0.0515021459227468
0.247549019607843	0.180759803921569	0.311274509803922	0.260416666666667
0.351931330472103	0.414469650521153	0.140404659717964	0.0931943592887799
0.273451870018394	0.436541998773758	0.0416922133660331	0.248313917841815
0.293071735131821	0.250153280196199	0.0999386879215205	0.35683629675046
#
