#INCLUSive Motif Model v1.0
#
#ID = GR_Q6_01
#W = 8
#Consensus = NNTGTYCT
0.292682926829268	0.170731707317073	0.0975609756097561	0.439024390243902
0.219512195121951	0.317073170731707	0.24390243902439	0.219512195121951
0.0482926829268293	0.01	0.0241463414634146	0.917560975609756
0.01	0.01	0.95609756097561	0.0239024390243902
0.01	0.0478048780487805	0.01	0.93219512195122
0.121951219512195	0.268292682926829	0.121951219512195	0.48780487804878
0.01	0.95609756097561	0.0239024390243902	0.01
0.217317073170731	0.169024390243902	0.01	0.603658536585366
#
