#INCLUSive Motif Model v1.0
#
#ID = HELIOSA_01
#W = 11
#Consensus = NNTWGGGANNN
0.263157894736842	0.315789473684211	0.0526315789473684	0.368421052631579
0.368421052631579	0.105263157894737	0.210526315789474	0.315789473684211
0.263157894736842	0.105263157894737	0.0526315789473684	0.578947368421053
0.526315789473684	0.157894736842105	0.0526315789473684	0.263157894736842
0.01	0.01	0.97	0.01
0.01	0.01	0.97	0.01
0.01	0.01	0.97	0.01
0.88578947368421	0.0521052631578947	0.01	0.0521052631578947
0.263157894736842	0.105263157894737	0.157894736842105	0.473684210526316
0.473684210526316	0.105263157894737	0.157894736842105	0.263157894736842
0.368421052631579	0.157894736842105	0.210526315789474	0.263157894736842
#
