#INCLUSive Motif Model v1.0
#
#ID = HELIOSA_02
#W = 11
#Consensus = WNWAGGAAAAN
0.428571428571429	0.0714285714285714	0.0714285714285714	0.428571428571429
0.285714285714286	0.214285714285714	0.0714285714285714	0.428571428571429
0.5	0.0714285714285714	0.0714285714285714	0.357142857142857
0.7	0.01	0.01	0.28
0.01	0.01	0.97	0.01
0.01	0.01	0.97	0.01
0.914666666666666	0.01	0.01	0.0653333333333334
0.733333333333333	0.0666666666666667	0.0333333333333333	0.166666666666667
0.792	0.099	0.01	0.099
0.866666666666667	0.0333333333333333	0.0333333333333333	0.0666666666666667
0.4	0.266666666666667	0.1	0.233333333333333
#
