#INCLUSive Motif Model v1.0
#
#ID = HIF1_Q3
#W = 14
#Consensus = GNNKACGTGCGGNN
0.0869565217391304	0.173913043478261	0.652173913043478	0.0869565217391304
0.217391304347826	0.478260869565217	0.130434782608696	0.173913043478261
0.217391304347826	0.217391304347826	0.478260869565217	0.0869565217391304
0.0434782608695652	0.130434782608696	0.391304347826087	0.434782608695652
0.937391304347826	0.01	0.0426086956521739	0.01
0.01	0.97	0.01	0.01
0.01	0.01	0.97	0.01
0.01	0.01	0.01	0.97
0.01	0.01	0.97	0.01
0.0869565217391304	0.739130434782609	0.130434782608696	0.0434782608695652
0.130434782608696	0.173913043478261	0.521739130434783	0.173913043478261
0.0434782608695652	0.217391304347826	0.565217391304348	0.173913043478261
0.0434782608695652	0.391304347826087	0.304347826086957	0.260869565217391
0.304347826086957	0.304347826086957	0.217391304347826	0.173913043478261
#
