#INCLUSive Motif Model v1.0
#
#ID = HNF4_Q6
#W = 9
#Consensus = AARGTCCAN
0.514285714285714	0.114285714285714	0.2	0.171428571428571
0.628571428571429	0.0571428571428571	0.228571428571429	0.0857142857142857
0.480857142857143	0.0848571428571428	0.424285714285715	0.01
0.0565714285714285	0.0565714285714285	0.876857142857143	0.01
0.0285714285714286	0.0285714285714286	0.228571428571429	0.714285714285714
0.0285714285714286	0.742857142857143	0.0285714285714286	0.2
0.169714285714285	0.763714285714285	0.0565714285714285	0.01
0.952	0.028	0.01	0.01
0.314285714285714	0.228571428571429	0.257142857142857	0.2
#
