#INCLUSive Motif Model v1.0
#
#ID = HNF4ALPHA_Q6
#W = 13
#Consensus = VTGAACTTTGMMB
0.36	0.36	0.27	0.01
0.18	0.09	0.01	0.72
0.0890909090909091	0.01	0.890909090909091	0.01
0.890909090909091	0.01	0.0890909090909091	0.01
0.545454545454545	0.272727272727273	0.0909090909090909	0.0909090909090909
0.01	0.97	0.01	0.01
0.01	0.267272727272727	0.01	0.712727272727272
0.01	0.01	0.01	0.97
0.09	0.09	0.01	0.81
0.09	0.01	0.72	0.18
0.454545454545455	0.363636363636364	0.0909090909090909	0.0909090909090909
0.445454545454546	0.534545454545454	0.01	0.01
0.01	0.45	0.27	0.27
#
