#INCLUSive Motif Model v1.0
#
#ID = HNF6_Q6
#W = 12
#Consensus = HWAAATCAATAW
0.380769230769231	0.304615384615385	0.01	0.304615384615385
0.461538461538462	0.0769230769230769	0.153846153846154	0.307692307692308
0.761538461538461	0.01	0.0761538461538461	0.152307692307692
0.97	0.01	0.01	0.01
0.678461538461538	0.01	0.301538461538462	0.01
0.01	0.01	0.01	0.97
0.01	0.97	0.01	0.01
0.904615384615384	0.0753846153846154	0.01	0.01
0.97	0.01	0.01	0.01
0.01	0.01	0.01	0.97
0.615384615384615	0.153846153846154	0.153846153846154	0.0769230769230769
0.461538461538462	0.0769230769230769	0.153846153846154	0.307692307692308
#
