#INCLUSive Motif Model v1.0
#
#ID = HOX13_01
#W = 30
#Consensus = TGCNHNCWYCCYCATTAKTNNDCNMNHYCN
0.1	0.2	0.1	0.6
0.01	0.198	0.693	0.099
0.1	0.7	0.1	0.1
0.3	0.4	0.1	0.2
0.396	0.297	0.01	0.297
0.4	0.2	0.1	0.3
0.1	0.5	0.2	0.2
0.297	0.198	0.01	0.495
0.1	0.4	0.1	0.4
0.098	0.882	0.01	0.01
0.1	0.6	0.1	0.2
0.099	0.495	0.01	0.396
0.198	0.693	0.01	0.099
0.97	0.01	0.01	0.01
0.01	0.01	0.01	0.97
0.01	0.01	0.01	0.97
0.97	0.01	0.01	0.01
0.01	0.198	0.495	0.297
0.01	0.196	0.01	0.784
0.2	0.2	0.5	0.1
0.2	0.3	0.3	0.2
0.297	0.01	0.297	0.396
0.2	0.5	0.1	0.2
0.3	0.2	0.4	0.1
0.4	0.4	0.1	0.1
0.2	0.4	0.3	0.1
0.297	0.297	0.01	0.396
0.099	0.495	0.01	0.396
0.1	0.7	0.1	0.1
0.4	0.2	0.2	0.2
#
