#INCLUSive Motif Model v1.0
#
#ID = HOXA3_01
#W = 9
#Consensus = CNTANNNKN
0.0714285714285714	0.642857142857143	0.214285714285714	0.0714285714285714
0.214285714285714	0.357142857142857	0.357142857142857	0.0714285714285714
0.0714285714285714	0.0714285714285714	0.0714285714285714	0.785714285714286
0.636428571428572	0.01	0.141428571428572	0.212142857142857
0.428571428571429	0.142857142857143	0.142857142857143	0.285714285714286
0.214285714285714	0.0714285714285714	0.214285714285714	0.5
0.285714285714286	0.0714285714285714	0.285714285714286	0.357142857142857
0.0714285714285714	0.0714285714285714	0.5	0.357142857142857
0.0714285714285714	0.214285714285714	0.357142857142857	0.357142857142857
#
