#INCLUSive Motif Model v1.0
#
#ID = HSF1_01
#W = 10
#Consensus = AGAANRTTCN
0.533333333333333	0.0888888888888889	0.266666666666667	0.111111111111111
0.01	0.01	0.97	0.01
0.844444444444444	0.0222222222222222	0.0444444444444444	0.0888888888888889
0.8	0.0222222222222222	0.0444444444444444	0.133333333333333
0.155555555555556	0.311111111111111	0.2	0.333333333333333
0.295454545454545	0.0454545454545455	0.477272727272727	0.181818181818182
0.133333333333333	0.0888888888888889	0.133333333333333	0.644444444444444
0.111111111111111	0.0888888888888889	0.111111111111111	0.688888888888889
0.01	0.97	0.01	0.01
0.133333333333333	0.155555555555556	0.466666666666667	0.244444444444444
#
