#INCLUSive Motif Model v1.0
#
#ID = HSF2_01
#W = 10
#Consensus = NGAANNWTCK
0.346153846153846	0.230769230769231	0.307692307692308	0.115384615384615
0.01	0.01	0.97	0.01
0.88	0.0366666666666666	0.0733333333333334	0.01
0.740740740740741	0.037037037037037	0.0740740740740741	0.148148148148148
0.148148148148148	0.222222222222222	0.259259259259259	0.37037037037037
0.296296296296296	0.259259259259259	0.296296296296296	0.148148148148148
0.296296296296296	0.0740740740740741	0.0740740740740741	0.555555555555556
0.152307692307692	0.01	0.0761538461538461	0.761538461538461
0.01	0.97	0.01	0.01
0.0740740740740741	0.148148148148148	0.444444444444444	0.333333333333333
#
