#INCLUSive Motif Model v1.0
#
#ID = IK1_01
#W = 13
#Consensus = NHNTGGGAATRCC
0.291666666666667	0.208333333333333	0.291666666666667	0.208333333333333
0.2475	0.37125	0.01	0.37125
0.125	0.125	0.291666666666667	0.458333333333333
0.0833333333333333	0.25	0.0416666666666667	0.625
0.0816666666666666	0.01	0.898333333333334	0.01
0.01	0.01	0.97	0.01
0.01	0.01	0.97	0.01
0.97	0.01	0.01	0.01
0.898333333333334	0.01	0.01	0.0816666666666666
0.125	0.166666666666667	0.0833333333333333	0.625
0.458333333333333	0.0833333333333333	0.333333333333333	0.125
0.125	0.541666666666667	0.0833333333333333	0.25
0.125	0.583333333333333	0.125	0.166666666666667
#
