#INCLUSive Motif Model v1.0
#
#ID = IK2_01
#W = 12
#Consensus = NNNTGGGAWNNC
0.25	0.277777777777778	0.333333333333333	0.138888888888889
0.305555555555556	0.138888888888889	0.194444444444444	0.361111111111111
0.138888888888889	0.194444444444444	0.194444444444444	0.472222222222222
0.165	0.275	0.01	0.55
0.163333333333334	0.01	0.816666666666666	0.01
0.01	0.01	0.97	0.01
0.01	0.01	0.97	0.01
0.97	0.01	0.01	0.01
0.5	0.138888888888889	0.0277777777777778	0.333333333333333
0.277777777777778	0.194444444444444	0.166666666666667	0.361111111111111
0.333333333333333	0.222222222222222	0.25	0.194444444444444
0.25	0.5	0.138888888888889	0.111111111111111
#
