#INCLUSive Motif Model v1.0
#
#ID = IRF1_01
#W = 13
#Consensus = SAAAAGYGAAACC
0.01	0.377142857142857	0.565714285714285	0.0471428571428571
0.97	0.01	0.01	0.01
0.97	0.01	0.01	0.01
0.933333333333333	0.01	0.01	0.0466666666666666
0.97	0.01	0.01	0.01
0.0555555555555556	0.222222222222222	0.666666666666667	0.0555555555555556
0.01	0.466666666666666	0.01	0.513333333333333
0.049	0.01	0.931	0.01
0.97	0.01	0.01	0.01
0.933333333333333	0.0466666666666666	0.01	0.01
0.97	0.01	0.01	0.01
0.0471428571428571	0.66	0.282857142857143	0.01
0.0476190476190476	0.619047619047619	0.0476190476190476	0.285714285714286
#
