#INCLUSive Motif Model v1.0
#
#ID = IRF_Q6
#W = 15
#Consensus = BNCRSTTTCANTTYY
0.01	0.304615384615385	0.266538461538461	0.418846153846154
0.192307692307692	0.269230769230769	0.153846153846154	0.384615384615385
0.115384615384615	0.5	0.153846153846154	0.230769230769231
0.5	0.115384615384615	0.269230769230769	0.115384615384615
0.0384615384615385	0.346153846153846	0.461538461538462	0.153846153846154
0.0380769230769231	0.01	0.0380769230769231	0.913846153846154
0.0380769230769231	0.01	0.0380769230769231	0.913846153846154
0.01	0.01	0.01	0.97
0.01	0.97	0.01	0.01
0.615384615384615	0.115384615384615	0.0769230769230769	0.192307692307692
0.115384615384615	0.346153846153846	0.230769230769231	0.307692307692308
0.01	0.01	0.0376923076923077	0.942307692307693
0.01	0.01	0.01	0.97
0.0769230769230769	0.346153846153846	0.0384615384615385	0.538461538461538
0.0384615384615385	0.5	0.0384615384615385	0.423076923076923
#
