#INCLUSive Motif Model v1.0
#
#ID = IRF_Q6_01
#W = 11
#Consensus = RAAANTGAAAN
0.444444444444444	0.0277777777777778	0.5	0.0277777777777778
0.6325	0.01	0.2475	0.11
0.97	0.01	0.01	0.01
0.97	0.01	0.01	0.01
0.166666666666667	0.25	0.472222222222222	0.111111111111111
0.222222222222222	0.0833333333333333	0.111111111111111	0.583333333333333
0.0272222222222222	0.01	0.952777777777778	0.01
0.952777777777778	0.01	0.0272222222222222	0.01
0.88	0.055	0.01	0.055
0.8525	0.0275	0.01	0.11
0.194444444444444	0.305555555555556	0.333333333333333	0.166666666666667
#
