#INCLUSive Motif Model v1.0
#
#ID = ISRE_01
#W = 15
#Consensus = CAGTTTCWCTTTYCC 
0.0769230769230769	0.615384615384615	0.153846153846154	0.153846153846154
0.904615384615385	0.01	0.0753846153846154	0.01
0.01	0.01	0.97	0.01
0.01	0.01	0.01	0.97
0.01	0.01	0.01	0.97
0.01	0.01	0.01	0.97
0.01	0.97	0.01	0.01
0.538461538461538	0.0769230769230769	0.0769230769230769	0.307692307692308
0.0769230769230769	0.538461538461538	0.153846153846154	0.230769230769231
0.0753846153846154	0.01	0.01	0.904615384615385
0.01	0.01	0.01	0.97
0.01	0.226153846153846	0.01	0.753846153846154
0.01	0.603076923076923	0.01	0.376923076923077
0.153846153846154	0.538461538461538	0.153846153846154	0.153846153846154
0.0769230769230769	0.615384615384615	0.230769230769231	0.0769230769230769
#
