#INCLUSive Motif Model v1.0
#
#ID = KROX_Q6
#W = 14
#Consensus = CCCGCCCCCRCCCC
0.0434782608695652	0.521739130434783	0.217391304347826	0.217391304347826
0.0434782608695652	0.608695652173913	0.173913043478261	0.173913043478261
0.0860869565217391	0.817826086956522	0.01	0.0860869565217391
0.0860869565217391	0.01	0.860869565217391	0.0430434782608696
0.01	0.97	0.01	0.01
0.01	0.97	0.01	0.01
0.01	0.894782608695653	0.01	0.0852173913043478
0.301304347826087	0.645652173913043	0.01	0.0430434782608696
0.01	0.97	0.01	0.01
0.260869565217391	0.0869565217391304	0.521739130434783	0.130434782608696
0.130434782608696	0.695652173913043	0.0434782608695652	0.130434782608696
0.173913043478261	0.521739130434783	0.130434782608696	0.173913043478261
0.130434782608696	0.565217391304348	0.173913043478261	0.130434782608696
0.130434782608696	0.695652173913043	0.130434782608696	0.0434782608695652
#
