#INCLUSive Motif Model v1.0
#
#ID = LEF1TCF1_Q4
#W = 11
#Consensus = MCTTTGWWSNY
0.277777777777778	0.5	0.166666666666667	0.0555555555555556
0.01	0.925555555555555	0.0544444444444445	0.01
0.055	0.055	0.01	0.88
0.01	0.01	0.01	0.97
0.01	0.01	0.01	0.97
0.0544444444444445	0.01	0.925555555555555	0.01
0.598888888888889	0.01	0.01	0.381111111111111
0.326666666666666	0.01	0.01	0.653333333333334
0.11	0.385	0.495	0.01
0.166666666666667	0.277777777777778	0.111111111111111	0.444444444444444
0.111111111111111	0.333333333333333	0.111111111111111	0.444444444444444
#
