#INCLUSive Motif Model v1.0
#
#ID = LMO2COM_01
#W = 12
#Consensus = CNNCAGGTGBNN
0.1	0.533333333333333	0.266666666666667	0.1
0.129032258064516	0.32258064516129	0.354838709677419	0.193548387096774
0.193548387096774	0.387096774193548	0.32258064516129	0.0967741935483871
0.01	0.97	0.01	0.01
0.97	0.01	0.01	0.01
0.0638709677419355	0.01	0.766451612903226	0.159677419354839
0.0638709677419355	0.255483870967742	0.670645161290323	0.01
0.01	0.01	0.01	0.97
0.01	0.01	0.97	0.01
0.01	0.447096774193548	0.255483870967742	0.287419354838709
0.344827586206897	0.172413793103448	0.137931034482759	0.344827586206897
0.0967741935483871	0.258064516129032	0.451612903225806	0.193548387096774
#
