#INCLUSive Motif Model v1.0
#
#ID = MAF_Q6_01
#W = 11
#Consensus = NGCTGAGTCAN
0.153846153846154	0.153846153846154	0.192307692307692	0.5
0.115384615384615	0.192307692307692	0.615384615384615	0.0769230769230769
0.153846153846154	0.576923076923077	0.0769230769230769	0.192307692307692
0.152307692307692	0.01	0.228461538461539	0.609230769230769
0.0384615384615385	0.0769230769230769	0.846153846153846	0.0384615384615385
0.761538461538461	0.01	0.0761538461538461	0.152307692307692
0.0380769230769231	0.01	0.799615384615385	0.152307692307692
0.0384615384615385	0.0384615384615385	0.192307692307692	0.730769230769231
0.01	0.799615384615385	0.152307692307692	0.0380769230769231
0.97	0.01	0.01	0.01
0.230769230769231	0.0769230769230769	0.307692307692308	0.384615384615385
#
