#INCLUSive Motif Model v1.0
#
#ID = MAZR_01
#W = 13
#Consensus = NSGGGGGGGGMCN
0.285714285714286	0.119047619047619	0.333333333333333	0.261904761904762
0.130263157894737	0.312631578947369	0.547105263157894	0.01
0.153846153846154	0.102564102564103	0.717948717948718	0.0256410256410256
0.0507692307692308	0.01	0.888461538461538	0.0507692307692308
0.0735	0.01	0.9065	0.01
0.152307692307692	0.01	0.736153846153846	0.101538461538462
0.01	0.01	0.97	0.01
0.0251282051282051	0.01	0.954871794871795	0.01
0.01	0.01	0.97	0.01
0.01	0.01	0.97	0.01
0.304615384615385	0.507692307692308	0.01	0.177692307692307
0.230769230769231	0.512820512820513	0.102564102564103	0.153846153846154
0.435897435897436	0.282051282051282	0.153846153846154	0.128205128205128
#
