#INCLUSive Motif Model v1.0
#
#ID = MEF2_Q6_01
#W = 12
#Consensus = RGCTATWTTTAR
0.304615384615385	0.01	0.456923076923077	0.228461538461539
0.01	0.152307692307692	0.761538461538461	0.0761538461538461
0.01	0.678461538461538	0.01	0.301538461538462
0.01	0.0753846153846154	0.01	0.904615384615384
0.761538461538461	0.0761538461538461	0.01	0.152307692307692
0.01	0.01	0.01	0.97
0.376923076923077	0.01	0.01	0.603076923076923
0.0753846153846154	0.01	0.01	0.904615384615384
0.150769230769231	0.01	0.01	0.829230769230769
0.301538461538462	0.01	0.01	0.678461538461538
0.829230769230769	0.01	0.150769230769231	0.01
0.384615384615385	0.0769230769230769	0.384615384615385	0.153846153846154
#
