#INCLUSive Motif Model v1.0
#
#ID = MEIS1BHOXA9_02
#W = 14
#Consensus = TGACASTTTWAYRR
0.01	0.01	0.01	0.97
0.01	0.01	0.97	0.01
0.97	0.01	0.01	0.01
0.01	0.97	0.01	0.01
0.91	0.01	0.07	0.01
0.01	0.282857142857143	0.565714285714285	0.141428571428572
0.0714285714285714	0.142857142857143	0.214285714285714	0.571428571428571
0.07	0.01	0.01	0.91
0.07	0.01	0.01	0.91
0.285714285714286	0.0714285714285714	0.0714285714285714	0.571428571428571
0.91	0.01	0.07	0.01
0.01	0.353571428571428	0.0707142857142857	0.565714285714285
0.282857142857143	0.01	0.565714285714285	0.141428571428572
0.353571428571428	0.141428571428572	0.495	0.01
#
