#INCLUSive Motif Model v1.0
#
#ID = MEIS1_01
#W = 12
#Consensus = NNNTGACAGNNN
0.214285714285714	0.357142857142857	0.142857142857143	0.285714285714286
0.357142857142857	0.285714285714286	0.0714285714285714	0.285714285714286
0.285714285714286	0.214285714285714	0.357142857142857	0.142857142857143
0.0309375	0.01	0.0309375	0.928125
0.01	0.01	0.97	0.01
0.86625	0.01	0.0309375	0.0928125
0.01	0.97	0.01	0.01
0.97	0.01	0.01	0.01
0.03125	0.125	0.8125	0.03125
0.285714285714286	0.142857142857143	0.428571428571429	0.142857142857143
0.25	0.125	0.25	0.375
0.142857142857143	0.428571428571429	0.285714285714286	0.142857142857143
#
