#INCLUSive Motif Model v1.0
#
#ID = MEIS1AHOXA9_01
#W = 14
#Consensus = TGACAGKTTTAYGA
0.01	0.01	0.01	0.97
0.0753846153846154	0.01	0.904615384615384	0.01
0.904615384615384	0.01	0.0753846153846154	0.01
0.01	0.904615384615384	0.0753846153846154	0.01
0.829230769230769	0.150769230769231	0.01	0.01
0.01	0.01	0.97	0.01
0.0769230769230769	0.0769230769230769	0.307692307692308	0.538461538461538
0.01	0.01	0.01	0.97
0.01	0.0761538461538461	0.0761538461538461	0.837692307692308
0.304615384615385	0.01	0.0761538461538461	0.609230769230769
0.761538461538461	0.0761538461538461	0.01	0.152307692307692
0.0761538461538461	0.533076923076923	0.01	0.380769230769231
0.152307692307692	0.01	0.761538461538461	0.0761538461538461
0.753846153846154	0.01	0.226153846153846	0.01
#
