#INCLUSive Motif Model v1.0
#
#ID = MTF1_Q4
#W = 14
#Consensus = TBTGCACHCGGCCC
0.0833333333333333	0.0833333333333333	0.166666666666667	0.666666666666667
0.01	0.33	0.33	0.33
0.01	0.01	0.01	0.97
0.01	0.01	0.97	0.01
0.01	0.97	0.01	0.01
0.735	0.01	0.245	0.01
0.01	0.97	0.01	0.01
0.4125	0.33	0.01	0.2475
0.01	0.97	0.01	0.01
0.166666666666667	0.0833333333333333	0.666666666666667	0.0833333333333333
0.01	0.0825	0.825	0.0825
0.0825	0.7425	0.165	0.01
0.166666666666667	0.666666666666667	0.0833333333333333	0.0833333333333333
0.01	0.66	0.2475	0.0825
#
