#INCLUSive Motif Model v1.0
#
#ID = MYB_Q5_01
#W = 9
#Consensus = NAACNGNCN
0.115384615384615	0.384615384615385	0.192307692307692	0.307692307692308
0.942307692307693	0.0376923076923077	0.01	0.01
0.97	0.01	0.01	0.01
0.01	0.875769230769231	0.0761538461538461	0.0380769230769231
0.0769230769230769	0.192307692307692	0.269230769230769	0.461538461538462
0.192307692307692	0.0769230769230769	0.692307692307692	0.0384615384615385
0.230769230769231	0.307692307692308	0.230769230769231	0.230769230769231
0.192307692307692	0.576923076923077	0.153846153846154	0.0769230769230769
0.269230769230769	0.269230769230769	0.230769230769231	0.230769230769231
#
