#INCLUSive Motif Model v1.0
#
#ID = MYB_Q6
#W = 10
#Consensus = NNNAACTGNC
0.222222222222222	0.333333333333333	0.333333333333333	0.111111111111111
0.166666666666667	0.277777777777778	0.166666666666667	0.388888888888889
0.166666666666667	0.388888888888889	0.166666666666667	0.277777777777778
0.925555555555555	0.0544444444444445	0.01	0.01
0.97	0.01	0.01	0.01
0.01	0.97	0.01	0.01
0.0555555555555556	0.111111111111111	0.277777777777778	0.555555555555556
0.166666666666667	0.0555555555555556	0.555555555555556	0.222222222222222
0.111111111111111	0.333333333333333	0.388888888888889	0.166666666666667
0.0555555555555556	0.555555555555556	0.166666666666667	0.222222222222222
#
