#INCLUSive Motif Model v1.0
#
#ID = MYCMAX_02
#W = 12
#Consensus = NANCACGTGNNW
0.241379310344828	0.241379310344828	0.172413793103448	0.344827586206897
0.724137931034483	0.103448275862069	0.0344827586206897	0.137931034482759
0.103448275862069	0.379310344827586	0.310344827586207	0.206896551724138
0.01	0.97	0.01	0.01
0.97	0.01	0.01	0.01
0.01	0.912413793103449	0.01	0.0675862068965517
0.304137931034483	0.01	0.675862068965517	0.01
0.0682758620689655	0.136551724137931	0.01	0.785172413793103
0.01	0.01	0.912413793103449	0.0675862068965517
0.241379310344828	0.103448275862069	0.206896551724138	0.448275862068966
0.137931034482759	0.413793103448276	0.241379310344828	0.206896551724138
0.495	0.141428571428572	0.01	0.353571428571428
#
