#INCLUSive Motif Model v1.0
#
#ID = MYOD_Q6
#W = 10
#Consensus = NNCACCTGNY
0.357142857142857	0.142857142857143	0.214285714285714	0.285714285714286
0.214285714285714	0.357142857142857	0.357142857142857	0.0714285714285714
0.01	0.97	0.01	0.01
0.97	0.01	0.01	0.01
0.0714285714285714	0.5	0.214285714285714	0.214285714285714
0.01	0.848571428571428	0.0707142857142857	0.0707142857142857
0.01	0.01	0.01	0.97
0.01	0.01	0.97	0.01
0.142857142857143	0.285714285714286	0.142857142857143	0.428571428571429
0.01	0.63	0.01	0.35
#
