#INCLUSive Motif Model v1.0
#
#ID = NFAT_Q4_01
#W = 10
#Consensus = NWGGAAANWN
0.193548387096774	0.225806451612903	0.387096774193548	0.193548387096774
0.290322580645161	0.161290322580645	0.032258064516129	0.516129032258065
0.01	0.01	0.97	0.01
0.0316129032258064	0.01	0.948387096774194	0.01
0.97	0.01	0.01	0.01
0.916774193548387	0.01	0.0632258064516129	0.01
0.862258064516129	0.0638709677419355	0.01	0.0638709677419355
0.387096774193548	0.258064516129032	0.129032258064516	0.225806451612903
0.290322580645161	0.129032258064516	0.0645161290322581	0.516129032258065
0.0967741935483871	0.354838709677419	0.161290322580645	0.387096774193548
#
