#INCLUSive Motif Model v1.0
#
#ID = NFAT_Q6
#W = 12
#Consensus = NANWGGAAAANN
0.230769230769231	0.423076923076923	0.0769230769230769	0.269230769230769
0.5	0.153846153846154	0.192307692307692	0.153846153846154
0.192307692307692	0.192307692307692	0.307692307692308	0.307692307692308
0.461538461538462	0.0384615384615385	0.0769230769230769	0.423076923076923
0.0761538461538461	0.01	0.875769230769231	0.0380769230769231
0.01	0.01	0.97	0.01
0.97	0.01	0.01	0.01
0.942307692307693	0.01	0.0376923076923077	0.01
0.942307692307693	0.0376923076923077	0.01	0.01
0.576923076923077	0.192307692307692	0.0769230769230769	0.153846153846154
0.346153846153846	0.230769230769231	0.0769230769230769	0.346153846153846
0.192307692307692	0.230769230769231	0.230769230769231	0.346153846153846
#
