#INCLUSive Motif Model v1.0
#
#ID = NFKB_C
#W = 12
#Consensus = NGGGACTTTCCA
0.265296803652968	0.133333333333333	0.450228310502283	0.151141552511416
0.01	0.01	0.97	0.01
0.01	0.01	0.97	0.01
0.01	0.01	0.97	0.01
0.97	0.01	0.01	0.01
0.182178082191781	0.567780821917808	0.01	0.240041095890411
0.0614406402845709	0.01	0.01	0.918559359715429
0.01	0.258835037794576	0.01	0.721164962205424
0.01	0.300666963094708	0.01	0.679333036905292
0.0541708542713567	0.925829145728643	0.01	0.01
0.0339884393063584	0.946011560693641	0.01	0.01
0.582481102712317	0.213872832369942	0.115606936416185	0.0880391285015562
#
