#INCLUSive Motif Model v1.0
#
#ID = NFY_C
#W = 14
#Consensus = NCTGATTGGYTASY
0.264497878359265	0.248939179632249	0.127298444130127	0.359264497878359
0.01	0.624526166902405	0.127425742574258	0.238048090523338
0.01	0.01	0.01	0.97
0.01	0.01	0.97	0.01
0.97	0.01	0.01	0.01
0.01	0.01	0.01	0.97
0.01	0.01	0.01	0.97
0.01	0.01	0.97	0.01
0.01	0.01	0.97	0.01
0.01	0.485835694050991	0.01	0.494164305949009
0.119024045261669	0.127425742574258	0.01	0.743550212164073
0.821935483870968	0.01	0.158064516129032	0.01
0.238048090523338	0.371074964639321	0.380876944837341	0.01
0.238048090523338	0.253451202263083	0.01	0.498500707213578
#
