#INCLUSive Motif Model v1.0
#
#ID = NFY_Q6_01
#W = 13
#Consensus = NNNNRRCCAATSR
0.25	0.275	0.25	0.225
0.292682926829268	0.414634146341463	0.0975609756097561	0.195121951219512
0.0731707317073171	0.24390243902439	0.219512195121951	0.463414634146341
0.0975609756097561	0.292682926829268	0.219512195121951	0.390243902439024
0.439024390243902	0.121951219512195	0.390243902439024	0.0487804878048781
0.458780487804878	0.0241463414634146	0.507073170731708	0.01
0.01	0.97	0.01	0.01
0.0241463414634146	0.941707317073171	0.0241463414634146	0.01
0.97	0.01	0.01	0.01
0.893414634146342	0.0482926829268293	0.01	0.0482926829268293
0.01	0.0241463414634146	0.0482926829268293	0.917560975609756
0.0975609756097561	0.536585365853659	0.341463414634146	0.024390243902439
0.536585365853659	0.0731707317073171	0.341463414634146	0.0487804878048781
#
