#INCLUSive Motif Model v1.0
#
#ID = NKX22_01
#W = 10
#Consensus = TTAAGTRSTT
0.309473684210527	0.01	0.01	0.670526315789473
0.01	0.215217391304348	0.0430434782608696	0.731739130434783
0.97	0.01	0.01	0.01
0.97	0.01	0.01	0.01
0.01	0.01	0.97	0.01
0.0426086956521739	0.01	0.01	0.937391304347826
0.430434782608695	0.0430434782608696	0.516521739130435	0.01
0.01	0.344347826086957	0.473478260869565	0.172173913043478
0.0430434782608696	0.0430434782608696	0.01	0.903913043478261
0.0426086956521739	0.01	0.01	0.937391304347826
#
