#INCLUSive Motif Model v1.0
#
#ID = NKX3A_01
#W = 12
#Consensus = NWATAAGTATWT
0.277777777777778	0.222222222222222	0.222222222222222	0.277777777777778
0.444444444444444	0.0555555555555556	0.0555555555555556	0.444444444444444
0.611111111111111	0.0555555555555556	0.0555555555555556	0.277777777777778
0.0521052631578947	0.0521052631578947	0.01	0.88578947368421
0.928421052631579	0.01	0.01	0.051578947368421
0.928421052631579	0.051578947368421	0.01	0.01
0.01	0.01	0.928421052631579	0.051578947368421
0.01	0.01	0.01	0.97
0.876842105263158	0.01	0.103157894736842	0.01
0.156315789473684	0.156315789473684	0.01	0.677368421052631
0.521052631578947	0.01	0.156315789473684	0.312631578947369
0.210526315789474	0.157894736842105	0.105263157894737	0.526315789473684
#
