#INCLUSive Motif Model v1.0
#
#ID = NKX61_01
#W = 13
#Consensus = TWTTTAATTGGTT
0.176470588235294	0.235294117647059	0.0588235294117647	0.529411764705882
0.349411764705882	0.0582352941176471	0.01	0.582352941176471
0.0582352941176471	0.174705882352941	0.01	0.757058823529412
0.01	0.01	0.0576470588235294	0.92235294117647
0.01	0.01	0.01	0.97
0.97	0.01	0.01	0.01
0.97	0.01	0.01	0.01
0.01	0.01	0.01	0.97
0.0582352941176471	0.01	0.232941176470588	0.698823529411765
0.0582352941176471	0.01	0.815294117647059	0.116470588235294
0.176470588235294	0.117647058823529	0.588235294117647	0.117647058823529
0.291176470588236	0.0582352941176471	0.01	0.640588235294118
0.117647058823529	0.0588235294117647	0.0588235294117647	0.764705882352941
#
