#INCLUSive Motif Model v1.0
#
#ID = NRSE_B
#W = 21
#Consensus = TTYAGCWCCDCGGASAGYRCC
0.165	0.165	0.01	0.66
0.01	0.01	0.163333333333334	0.816666666666666
0.01	0.653333333333334	0.01	0.326666666666666
0.97	0.01	0.01	0.01
0.01	0.01	0.97	0.01
0.165	0.66	0.01	0.165
0.653333333333334	0.01	0.01	0.326666666666666
0.01	0.816666666666666	0.01	0.163333333333334
0.01	0.97	0.01	0.01
0.33	0.01	0.33	0.33
0.01	0.97	0.01	0.01
0.01	0.01	0.97	0.01
0.01	0.01	0.97	0.01
0.816666666666666	0.01	0.01	0.163333333333334
0.01	0.326666666666666	0.653333333333334	0.01
0.784	0.196	0.01	0.01
0.01	0.01	0.816666666666666	0.163333333333334
0.165	0.495	0.01	0.33
0.326666666666666	0.01	0.653333333333334	0.01
0.01	0.816666666666666	0.163333333333334	0.01
0.01	0.97	0.01	0.01
#
