#INCLUSive Motif Model v1.0
#
#ID = OCT1_B
#W = 10
#Consensus = TATGCAAATN
0.197495961227787	0.240710823909532	0.0270597738287561	0.534733441033926
0.97	0.01	0.01	0.01
0.01	0.01	0.01	0.97
0.01	0.01	0.97	0.01
0.028970802919708	0.951029197080292	0.01	0.01
0.951029197080292	0.01	0.028970802919708	0.01
0.97	0.01	0.01	0.01
0.965330412559328	0.01	0.0146695874406718	0.01
0.0815799187892211	0.0372831303063861	0.0893318567737172	0.791805094130675
0.250591016548463	0.33806146572104	0.211189913317573	0.200157604412924
#
