#INCLUSive Motif Model v1.0
#
#ID = OCT1_Q6
#W = 15
#Consensus = NNNNATGCAAATNAN
0.366666666666667	0.2	0.366666666666667	0.0666666666666667
0.333333333333333	0.1	0.266666666666667	0.3
0.4	0.2	0.3	0.1
0.3	0.233333333333333	0.1	0.366666666666667
0.8	0.0333333333333333	0.1	0.0666666666666667
0.0333333333333333	0.0333333333333333	0.0333333333333333	0.9
0.1	0.0333333333333333	0.833333333333333	0.0333333333333333
0.0666666666666667	0.733333333333333	0.0333333333333333	0.166666666666667
0.766666666666667	0.0666666666666667	0.1	0.0666666666666667
0.947333333333334	0.01	0.0326666666666666	0.01
0.891	0.01	0.033	0.066
0.0333333333333333	0.0333333333333333	0.233333333333333	0.7
0.2	0.4	0.133333333333333	0.266666666666667
0.633333333333333	0.233333333333333	0.1	0.0333333333333333
0.0666666666666667	0.366666666666667	0.366666666666667	0.2
#
