#INCLUSive Motif Model v1.0
#
#ID = OCT1_Q5_01
#W = 11
#Consensus = TNATTTGCATW
0.166666666666667	0.0925925925925926	0.148148148148148	0.592592592592593
0.277777777777778	0.185185185185185	0.314814814814815	0.222222222222222
0.696666666666667	0.146666666666667	0.01	0.146666666666667
0.0916666666666667	0.0183333333333333	0.01	0.88
0.0925925925925926	0.0185185185185185	0.0185185185185185	0.87037037037037
0.111111111111111	0.037037037037037	0.0555555555555556	0.796296296296296
0.203703703703704	0.111111111111111	0.5	0.185185185185185
0.0183333333333333	0.934999999999999	0.01	0.0366666666666666
0.843333333333333	0.0733333333333334	0.01	0.0733333333333334
0.0366666666666666	0.055	0.01	0.898333333333333
0.425925925925926	0.0740740740740741	0.166666666666667	0.333333333333333
#
