#INCLUSive Motif Model v1.0
#
#ID = OCT_Q6
#W = 11
#Consensus = TNATTTGCATN
0.181818181818182	0.127272727272727	0.181818181818182	0.509090909090909
0.254545454545455	0.218181818181818	0.272727272727273	0.254545454545455
0.672727272727273	0.127272727272727	0.0363636363636364	0.163636363636364
0.108	0.036	0.01	0.846
0.127272727272727	0.0909090909090909	0.0181818181818182	0.763636363636364
0.109090909090909	0.0363636363636364	0.0363636363636364	0.818181818181818
0.2	0.0545454545454545	0.618181818181818	0.127272727272727
0.054	0.9	0.01	0.036
0.944363636363637	0.01	0.01	0.0356363636363637
0.0181818181818182	0.0181818181818182	0.0181818181818182	0.945454545454545
0.490909090909091	0.0727272727272727	0.181818181818182	0.254545454545455
#
