#INCLUSive Motif Model v1.0
#
#ID = OCT_C
#W = 13
#Consensus = CTNATTTGCATAY
0.212389380530973	0.512291052114061	0.0953785644051131	0.179941002949853
0.083716814159292	0.01	0.0807964601769912	0.825486725663717
0.176181102362205	0.454724409448819	0.21259842519685	0.156496062992126
0.84496062992126	0.13503937007874	0.01	0.01
0.01	0.01	0.01	0.97
0.01	0.01	0.01	0.97
0.146614173228346	0.01	0.01	0.833385826771654
0.01	0.01	0.833385826771654	0.146614173228346
0.01	0.97	0.01	0.01
0.890295275590551	0.01	0.0897047244094488	0.01
0.01	0.01	0.01	0.97
0.650265486725664	0.01	0.245309734513274	0.094424778761062
0.131889763779528	0.470472440944882	0.0639763779527559	0.333661417322835
#
