#INCLUSive Motif Model v1.0
#
#ID = P53_01
#W = 20
#Consensus = GGACATGCCCGGGCATGTCY
0.230588235294118	0.01	0.749411764705882	0.01
0.288235294117647	0.01	0.691764705882353	0.01
0.864705882352942	0.01	0.115294117647058	0.01
0.01	0.97	0.01	0.01
0.97	0.01	0.01	0.01
0.01	0.01	0.01	0.97
0.01	0.01	0.97	0.01
0.01	0.749411764705882	0.01	0.230588235294118
0.01	0.97	0.01	0.01
0.01	0.97	0.01	0.01
0.01	0.01	0.97	0.01
0.01	0.01	0.97	0.01
0.115294117647058	0.01	0.864705882352942	0.01
0.01	0.97	0.01	0.01
0.97	0.01	0.01	0.01
0.01	0.01	0.01	0.97
0.01	0.01	0.97	0.01
0.01	0.115294117647058	0.01	0.864705882352942
0.01	0.749411764705882	0.01	0.230588235294118
0.01	0.433125	0.12375	0.433125
#
