#INCLUSive Motif Model v1.0
#
#ID = P53_02
#W = 10
#Consensus = NGRCWTGYCY
0.404040404040404	0.131313131313131	0.232323232323232	0.232323232323232
0.204081632653061	0.0306122448979592	0.714285714285714	0.0510204081632653
0.555612244897959	0.0303061224489796	0.404081632653061	0.01
0.01	0.93	0.01	0.05
0.535353535353535	0.0808080808080808	0.0808080808080808	0.303030303030303
0.1485	0.01	0.0297	0.8118
0.01	0.01	0.97	0.01
0.01	0.49	0.01	0.49
0.01	0.68	0.01	0.3
0.122448979591837	0.357142857142857	0.0306122448979592	0.489795918367347
#
