#INCLUSive Motif Model v1.0
#
#ID = P53_DECAMER_Q2
#W = 10
#Consensus = RGRCAWGNCY
0.543478260869565	0.0652173913043478	0.347826086956522	0.0434782608695652
0.298260869565218	0.01	0.681739130434782	0.01
0.532608695652174	0.01	0.447391304347826	0.01
0.0434782608695652	0.847826086956522	0.0869565217391304	0.0217391304347826
0.695652173913043	0.0434782608695652	0.0869565217391304	0.173913043478261
0.5	0.0434782608695652	0.0434782608695652	0.41304347826087
0.0639130434782608	0.01	0.916086956521739	0.01
0.195652173913043	0.326086956521739	0.108695652173913	0.369565217391304
0.0434782608695652	0.608695652173913	0.195652173913043	0.152173913043478
0.108695652173913	0.478260869565217	0.108695652173913	0.304347826086957
#
