#INCLUSive Motif Model v1.0
#
#ID = PAX2_02
#W = 9
#Consensus = NNNAAASNN
0.324324324324324	0.324324324324324	0.189189189189189	0.162162162162162
0.324324324324324	0.243243243243243	0.162162162162162	0.27027027027027
0.135135135135135	0.27027027027027	0.243243243243243	0.351351351351351
0.90972972972973	0.01	0.0535135135135136	0.0267567567567567
0.97	0.01	0.01	0.01
0.953513513513514	0.01	0.01	0.0264864864864865
0.01	0.535135135135136	0.321081081081081	0.133783783783784
0.216216216216216	0.324324324324324	0.108108108108108	0.351351351351351
0.216216216216216	0.459459459459459	0.189189189189189	0.135135135135135
#
