#INCLUSive Motif Model v1.0
#
#ID = PAX2_01
#W = 19
#Consensus = NNNNGTCANGNRTKANNNN
0.259259259259259	0.37037037037037	0.148148148148148	0.222222222222222
0.161290322580645	0.32258064516129	0.225806451612903	0.290322580645161
0.21875	0.25	0.0625	0.46875
0.25	0.3125	0.1875	0.25
0.25	0.03125	0.59375	0.125
0.1546875	0.061875	0.01	0.7734375
0.03125	0.625	0.09375	0.25
0.65625	0.09375	0.09375	0.15625
0.1875	0.40625	0.09375	0.3125
0.09375	0.09375	0.625	0.1875
0.1	0.433333333333333	0.233333333333333	0.233333333333333
0.466666666666667	0.0333333333333333	0.366666666666667	0.133333333333333
0.133333333333333	0.166666666666667	0.1	0.6
0.137931034482759	0.103448275862069	0.482758620689655	0.275862068965517
0.620689655172414	0.172413793103448	0.0689655172413793	0.137931034482759
0.12	0.32	0.2	0.36
0.0526315789473684	0.263157894736842	0.368421052631579	0.315789473684211
0.230769230769231	0.230769230769231	0.384615384615385	0.153846153846154
0.3	0.3	0.2	0.2
#
