#INCLUSive Motif Model v1.0
#
#ID = PAX3_01
#W = 13
#Consensus = TCGTCACRCTTHM
0.01	0.01	0.01	0.97
0.01	0.97	0.01	0.01
0.01	0.01	0.97	0.01
0.150769230769231	0.01	0.01	0.829230769230769
0.01	0.942307692307693	0.01	0.0376923076923077
0.942307692307693	0.0376923076923077	0.01	0.01
0.01	0.904615384615384	0.01	0.0753846153846154
0.414615384615385	0.01	0.565384615384615	0.01
0.01	0.799615384615385	0.152307692307692	0.0380769230769231
0.153846153846154	0.192307692307692	0.0384615384615385	0.615384615384615
0.0380769230769231	0.304615384615385	0.01	0.647307692307692
0.342692307692308	0.380769230769231	0.01	0.266538461538461
0.5	0.307692307692308	0.115384615384615	0.0769230769230769
#
