#INCLUSive Motif Model v1.0
#
#ID = PAX8_01
#W = 15
#Consensus = NNNTNNNGNGTGANN
0.142857142857143	0.428571428571429	0.228571428571429	0.2
0.428571428571429	0.2	0.142857142857143	0.228571428571429
0.2	0.228571428571429	0.314285714285714	0.257142857142857
0.2	0.2	0.0571428571428571	0.542857142857143
0.257142857142857	0.257142857142857	0.228571428571429	0.257142857142857
0.314285714285714	0.2	0.142857142857143	0.342857142857143
0.2	0.314285714285714	0.0857142857142857	0.4
0.0857142857142857	0.142857142857143	0.657142857142857	0.114285714285714
0.257142857142857	0.485714285714286	0.171428571428571	0.0857142857142857
0.285714285714286	0.0571428571428571	0.571428571428571	0.0857142857142857
0.0571428571428571	0.0285714285714286	0.114285714285714	0.8
0.0857142857142857	0.0285714285714286	0.771428571428571	0.114285714285714
0.657142857142857	0.0857142857142857	0.171428571428571	0.0857142857142857
0.285714285714286	0.114285714285714	0.4	0.2
0.228571428571429	0.228571428571429	0.142857142857143	0.4
#
