#INCLUSive Motif Model v1.0
#
#ID = PBX_Q3
#W = 12
#Consensus = GATTGATKGNNS
0.01	0.01	0.97	0.01
0.871111111111111	0.01	0.01	0.108888888888889
0.01	0.11	0.11	0.77
0.11	0.01	0.22	0.66
0.108888888888889	0.01	0.871111111111111	0.01
0.97	0.01	0.01	0.01
0.22	0.01	0.11	0.66
0.01	0.11	0.55	0.33
0.11	0.01	0.66	0.22
0.111111111111111	0.222222222222222	0.222222222222222	0.444444444444444
0.333333333333333	0.222222222222222	0.111111111111111	0.333333333333333
0.111111111111111	0.333333333333333	0.444444444444444	0.111111111111111
#
