#INCLUSive Motif Model v1.0
#
#ID = PEBP_Q6
#W = 15
#Consensus = GNTNACCACARANNK
0.2	0.133333333333333	0.6	0.0666666666666667
0.133333333333333	0.333333333333333	0.266666666666667	0.266666666666667
0.264	0.066	0.01	0.66
0.4	0.2	0.333333333333333	0.0666666666666667
0.914666666666666	0.0653333333333334	0.01	0.01
0.01	0.97	0.01	0.01
0.01	0.97	0.01	0.01
0.784	0.01	0.196	0.01
0.01	0.97	0.01	0.01
0.858	0.01	0.066	0.066
0.466666666666667	0.0666666666666667	0.4	0.0666666666666667
0.6	0.133333333333333	0.2	0.0666666666666667
0.2	0.333333333333333	0.266666666666667	0.2
0.2	0.266666666666667	0.333333333333333	0.2
0.133333333333333	0.0666666666666667	0.266666666666667	0.533333333333333
#
