#INCLUSive Motif Model v1.0
#
#ID = PITX2_Q2
#W = 11
#Consensus = WNTAATCCCAR
0.33	0.11	0.01	0.55
0.222222222222222	0.111111111111111	0.333333333333333	0.333333333333333
0.01	0.01	0.01	0.97
0.871111111111111	0.108888888888889	0.01	0.01
0.871111111111111	0.01	0.108888888888889	0.01
0.01	0.01	0.108888888888889	0.871111111111111
0.01	0.97	0.01	0.01
0.11	0.77	0.11	0.01
0.217777777777778	0.762222222222222	0.01	0.01
0.666666666666667	0.111111111111111	0.111111111111111	0.111111111111111
0.44	0.22	0.33	0.01
#
