#INCLUSive Motif Model v1.0
#
#ID = POU1F1_Q6
#W = 10
#Consensus = ATGAATAAWT
0.757058823529412	0.01	0.116470588235294	0.116470588235294
0.01	0.01	0.01	0.97
0.01	0.01	0.97	0.01
0.529411764705882	0.176470588235294	0.117647058823529	0.176470588235294
0.807058823529412	0.01	0.01	0.172941176470588
0.01	0.01	0.01	0.97
0.757058823529412	0.01	0.0582352941176471	0.174705882352941
0.691764705882353	0.01	0.01	0.288235294117647
0.524117647058823	0.01	0.116470588235294	0.349411764705882
0.291176470588236	0.116470588235294	0.01	0.582352941176471
#
