#INCLUSive Motif Model v1.0
#
#ID = POU3F2_01
#W = 14
#Consensus = ATGMATWWATTCAT
0.815294117647059	0.116470588235294	0.01	0.0582352941176471
0.01	0.0576470588235294	0.01	0.92235294117647
0.115294117647058	0.01	0.864705882352942	0.01
0.461176470588236	0.518823529411764	0.01	0.01
0.97	0.01	0.01	0.01
0.01	0.01	0.01	0.97
0.35	0.01	0.01	0.63
0.49	0.01	0.01	0.49
0.864705882352942	0.01	0.01	0.115294117647058
0.0576470588235294	0.01	0.01	0.92235294117647
0.01	0.01	0.01	0.97
0.116470588235294	0.698823529411765	0.01	0.174705882352941
0.97	0.01	0.01	0.01
0.01	0.01	0.01	0.97
#
