#INCLUSive Motif Model v1.0
#
#ID = PXR_Q2
#W = 12
#Consensus = RRGGTYANTRNM
0.42	0.01	0.33	0.24
0.36	0.01	0.6	0.03
0.207878787878788	0.01	0.772121212121212	0.01
0.03	0.01	0.93	0.03
0.01	0.03	0.03	0.93
0.01	0.45	0.03	0.51
0.84	0.12	0.01	0.03
0.363636363636364	0.151515151515152	0.303030303030303	0.181818181818182
0.151515151515152	0.0909090909090909	0.242424242424242	0.515151515151515
0.45	0.18	0.36	0.01
0.484848484848485	0.0606060606060606	0.242424242424242	0.212121212121212
0.424242424242424	0.424242424242424	0.0909090909090909	0.0606060606060606
#
