#INCLUSive Motif Model v1.0
#
#ID = S8_01
#W = 16
#Consensus = WNNANYYAATTANCNN
0.352941176470588	0.117647058823529	0.117647058823529	0.411764705882353
0.315789473684211	0.184210526315789	0.105263157894737	0.394736842105263
0.244444444444444	0.155555555555556	0.288888888888889	0.311111111111111
0.531914893617021	0.106382978723404	0.148936170212766	0.212765957446809
0.28	0.28	0.24	0.2
0.117647058823529	0.392156862745098	0.0980392156862745	0.392156862745098
0.0186792452830189	0.50433962264151	0.01	0.466981132075472
0.903157894736842	0.0347368421052631	0.0521052631578947	0.01
0.97	0.01	0.01	0.01
0.01	0.01	0.01	0.97
0.01	0.01	0.01	0.97
0.97	0.01	0.01	0.01
0.390243902439024	0.0731707317073171	0.341463414634146	0.195121951219512
0.0526315789473684	0.526315789473684	0.157894736842105	0.263157894736842
0.133333333333333	0.4	0.266666666666667	0.2
0.333333333333333	0.0833333333333333	0.166666666666667	0.416666666666667
#
