#INCLUSive Motif Model v1.0
#
#ID = SMAD_Q6
#W = 9
#Consensus = AGACNBCNN
0.825	0.0825	0.0825	0.01
0.01	0.01	0.898333333333334	0.0816666666666666
0.825	0.0825	0.01	0.0825
0.01	0.898333333333334	0.01	0.0816666666666666
0.416666666666667	0.166666666666667	0.0833333333333333	0.333333333333333
0.01	0.4125	0.33	0.2475
0.166666666666667	0.5	0.166666666666667	0.166666666666667
0.333333333333333	0.333333333333333	0.166666666666667	0.166666666666667
0.166666666666667	0.333333333333333	0.166666666666667	0.333333333333333
#
