#INCLUSive Motif Model v1.0
#
#ID = SOX5_01
#W = 10
#Consensus = NNAACAATNN
0.181818181818182	0.272727272727273	0.136363636363636	0.409090909090909
0.318181818181818	0.181818181818182	0.136363636363636	0.363636363636364
0.903913043478261	0.01	0.0430434782608696	0.0430434782608696
0.937391304347826	0.01	0.0426086956521739	0.01
0.01	0.937391304347826	0.01	0.0426086956521739
0.97	0.01	0.01	0.01
0.937391304347826	0.0426086956521739	0.01	0.01
0.01	0.01	0.01	0.97
0.434782608695652	0.130434782608696	0.260869565217391	0.173913043478261
0.217391304347826	0.304347826086957	0.260869565217391	0.217391304347826
#
