#INCLUSive Motif Model v1.0
#
#ID = SOX_Q6
#W = 13
#Consensus = CTCTTTGTTANGA
0.165	0.66	0.01	0.165
0.01	0.01	0.163333333333334	0.816666666666666
0.01	0.97	0.01	0.01
0.163333333333334	0.01	0.01	0.816666666666666
0.01	0.01	0.01	0.97
0.01	0.01	0.01	0.97
0.01	0.01	0.97	0.01
0.163333333333334	0.01	0.01	0.816666666666666
0.01	0.01	0.163333333333334	0.816666666666666
0.66	0.165	0.01	0.165
0.166666666666667	0.333333333333333	0.166666666666667	0.333333333333333
0.165	0.165	0.66	0.01
0.5	0.166666666666667	0.166666666666667	0.166666666666667
#
