#INCLUSive Motif Model v1.0
#
#ID = SP1_Q6_01
#W = 10
#Consensus = GGGGCGGGGC
0.157446808510638	0.0723404255319149	0.582978723404255	0.187234042553191
0.11063829787234	0.0170212765957447	0.868085106382979	0.00425531914893617
0.01	0.0126382978723404	0.968936170212766	0.00842553191489362
0.01	0.01	0.975829787234043	0.00417021276595745
0.170212765957447	0.676595744680851	0.0212765957446809	0.131914893617021
0.0297872340425532	0.025531914893617	0.91063829787234	0.0340425531914894
0.00425531914893617	0.00851063829787234	0.902127659574468	0.0851063829787234
0.165957446808511	0.0680851063829787	0.719148936170213	0.0468085106382979
0.131914893617021	0.131914893617021	0.659574468085106	0.0765957446808511
0.131914893617021	0.506382978723404	0.170212765957447	0.191489361702128
#
