#INCLUSive Motif Model v1.0
#
#ID = SP1_Q2_01
#W = 10
#Consensus = CCCCGCCCCN
0.087378640776699	0.689320388349515	0.0970873786407767	0.12621359223301
0.029126213592233	0.728155339805825	0.0970873786407767	0.145631067961165
0.0951456310679612	0.884854368932039	0.01	0.01
0.058252427184466	0.854368932038835	0.0485436893203883	0.0388349514563107
0.155339805825243	0.029126213592233	0.592233009708738	0.223300970873786
0.00951456310679612	0.970485436893204	0.01	0.01
0.01	0.97	0.01	0.01
0.01	0.846796116504855	0.01	0.133203883495145
0.203883495145631	0.601941747572815	0.0485436893203883	0.145631067961165
0.087378640776699	0.475728155339806	0.203883495145631	0.233009708737864
#
