#INCLUSive Motif Model v1.0
#
#ID = SPZ1_01
#W = 15
#Consensus = DNNGGRGGGWWNNNN
0.282857142857143	0.01	0.424285714285715	0.282857142857143
0.166666666666667	0.333333333333333	0.291666666666667	0.208333333333333
0.37037037037037	0.296296296296296	0.148148148148148	0.185185185185185
0.01	0.130666666666666	0.849333333333334	0.01
0.01	0.0653333333333334	0.914666666666666	0.01
0.4	0.0666666666666667	0.366666666666667	0.166666666666667
0.01	0.130666666666666	0.849333333333334	0.01
0.01	0.163333333333334	0.816666666666666	0.01
0.0666666666666667	0.1	0.666666666666667	0.166666666666667
0.33	0.099	0.01	0.561
0.433333333333333	0.1	0.133333333333333	0.333333333333333
0.2	0.166666666666667	0.2	0.433333333333333
0.208333333333333	0.0416666666666667	0.5	0.25
0.136363636363636	0.272727272727273	0.409090909090909	0.181818181818182
0.181818181818182	0.409090909090909	0.318181818181818	0.0909090909090909
#
