#INCLUSive Motif Model v1.0
#
#ID = SRF_Q6
#W = 14
#Consensus = GNCCAWATAWGGMN
0.0952380952380952	0.19047619047619	0.523809523809524	0.19047619047619
0.142857142857143	0.19047619047619	0.333333333333333	0.333333333333333
0.01	0.97	0.01	0.01
0.01	0.97	0.01	0.01
0.886666666666667	0.01	0.01	0.0933333333333333
0.424285714285715	0.0471428571428571	0.01	0.518571428571429
0.895714285714286	0.01	0.0471428571428571	0.0471428571428571
0.0476190476190476	0.0952380952380952	0.0476190476190476	0.80952380952381
0.801428571428572	0.01	0.0471428571428571	0.141428571428572
0.476190476190476	0.0952380952380952	0.0952380952380952	0.333333333333333
0.01	0.01	0.97	0.01
0.01	0.01	0.933333333333333	0.0466666666666666
0.424285714285715	0.33	0.235714285714286	0.01
0.19047619047619	0.428571428571429	0.238095238095238	0.142857142857143
#
