#INCLUSive Motif Model v1.0
#
#ID = SRF_01
#W = 18
#Consensus = ATGCCCATATATGGWNNT
0.848484848484849	0.0303030303030303	0.0606060606060606	0.0606060606060606
0.0296969696969697	0.01	0.01	0.950303030303031
0.03	0.01	0.93	0.03
0.21	0.75	0.01	0.03
0.01	0.97	0.01	0.01
0.01	0.97	0.01	0.01
0.683030303030303	0.01	0.01	0.296969696969697
0.0593939393939394	0.01	0.01	0.92060606060606
0.97	0.01	0.01	0.01
0.01	0.01	0.01	0.97
0.92060606060606	0.01	0.01	0.0593939393939394
0.296969696969697	0.01	0.01	0.683030303030303
0.01	0.01	0.97	0.01
0.01	0.01	0.97	0.01
0.363636363636364	0.121212121212121	0.0909090909090909	0.424242424242424
0.393939393939394	0.272727272727273	0.242424242424242	0.0909090909090909
0.333333333333333	0.181818181818182	0.212121212121212	0.272727272727273
0.0303030303030303	0.121212121212121	0.242424242424242	0.606060606060606
#
