#INCLUSive Motif Model v1.0
#
#ID = SRF_C
#W = 15
#Consensus = DCCWTATATGGNCWN
0.26283185840708	0.01	0.471637168141593	0.255530973451327
0.01	0.97	0.01	0.01
0.01	0.97	0.01	0.01
0.550085603112841	0.0916809338521401	0.01	0.34823346303502
0.202101167315175	0.01	0.01	0.777898832684825
0.729595330739299	0.01	0.0716498054474708	0.18875486381323
0.0715940902021773	0.0939191290824261	0.01	0.824486780715396
0.823017107309487	0.01	0.01	0.156982892690513
0.268242612752721	0.01	0.01	0.711757387247279
0.01	0.01	0.97	0.01
0.01	0.01	0.97	0.01
0.247278382581649	0.47900466562986	0.165629860031104	0.108087091757387
0.130739299610895	0.612451361867704	0.190661478599222	0.066147859922179
0.518094867807154	0.193996889580093	0.01	0.277908242612753
0.11353032659409	0.193623639191291	0.360031104199067	0.332814930015552
#
