#INCLUSive Motif Model v1.0
#
#ID = SRY_02
#W = 12
#Consensus = NWWAACAAWANN
0.206896551724138	0.206896551724138	0.344827586206897	0.241379310344828
0.344827586206897	0.137931034482759	0.103448275862069	0.413793103448276
0.517241379310345	0.0344827586206897	0.0689655172413793	0.379310344827586
0.724137931034483	0.0689655172413793	0.0344827586206897	0.172413793103448
0.844827586206896	0.01	0.01	0.135172413793104
0.01	0.97	0.01	0.01
0.946206896551724	0.01	0.01	0.0337931034482759
0.912413793103449	0.01	0.01	0.0675862068965517
0.341379310344828	0.01	0.0341379310344828	0.61448275862069
0.551724137931034	0.103448275862069	0.172413793103448	0.172413793103448
0.241379310344828	0.206896551724138	0.448275862068966	0.103448275862069
0.379310344827586	0.0689655172413793	0.344827586206897	0.206896551724138
#
