#INCLUSive Motif Model v1.0
#
#ID = STAT5A_01
#W = 15
#Consensus = NAWTTCYNGGAANYN
0.25	0.214285714285714	0.285714285714286	0.25
0.6	0.0666666666666667	0.233333333333333	0.1
0.424242424242424	0.121212121212121	0.121212121212121	0.333333333333333
0.01	0.01	0.01	0.97
0.01	0.0296969696969697	0.01	0.950303030303031
0.01	0.950303030303031	0.0296969696969697	0.01
0.01	0.45	0.18	0.36
0.303030303030303	0.181818181818182	0.242424242424242	0.272727272727273
0.237575757575757	0.01	0.742424242424243	0.01
0.01	0.01	0.97	0.01
0.97	0.01	0.01	0.01
0.97	0.01	0.01	0.01
0.40625	0.21875	0.125	0.25
0.061875	0.3403125	0.01	0.5878125
0.266666666666667	0.266666666666667	0.2	0.266666666666667
#
