#INCLUSive Motif Model v1.0
#
#ID = STAT5B_01
#W = 15
#Consensus = NAWTTCYNGGAAWTN
0.225	0.15	0.35	0.275
0.571428571428571	0.0476190476190476	0.19047619047619	0.19047619047619
0.347826086956522	0.0217391304347826	0.0652173913043478	0.565217391304348
0.01	0.01	0.01	0.97
0.01	0.01	0.01	0.97
0.01	0.97	0.01	0.01
0.01	0.602608695652174	0.0215217391304348	0.365869565217391
0.152173913043478	0.239130434782609	0.173913043478261	0.434782608695652
0.215217391304348	0.0430434782608696	0.731739130434783	0.01
0.01	0.01	0.97	0.01
0.97	0.01	0.01	0.01
0.97	0.01	0.01	0.01
0.369565217391304	0.108695652173913	0.108695652173913	0.41304347826087
0.173913043478261	0.217391304347826	0.0217391304347826	0.58695652173913
0.186046511627907	0.255813953488372	0.162790697674419	0.395348837209302
#
