#INCLUSive Motif Model v1.0
#
#ID = STAT5A_03
#W = 8
#Consensus = NAWTTCYN
0.232323232323232	0.262626262626263	0.171717171717172	0.333333333333333
0.534653465346535	0.108910891089109	0.168316831683168	0.188118811881188
0.366336633663366	0.0495049504950495	0.128712871287129	0.455445544554455
0.0202020202020202	0.0202020202020202	0.0202020202020202	0.939393939393939
0.111111111111111	0.0404040404040404	0.0202020202020202	0.828282828282828
0.03	0.93	0.02	0.02
0.05	0.57	0.08	0.3
0.29	0.22	0.2	0.29
#
