#INCLUSive Motif Model v1.0
#
#ID = STAT_Q6
#W = 13
#Consensus = NNNNNTTCTKGGA
0.166666666666667	0.2	0.366666666666667	0.266666666666667
0.3	0.2	0.266666666666667	0.233333333333333
0.233333333333333	0.4	0.1	0.266666666666667
0.3	0.166666666666667	0.2	0.333333333333333
0.133333333333333	0.333333333333333	0.166666666666667	0.366666666666667
0.01	0.01	0.01	0.97
0.01	0.01	0.0326666666666666	0.947333333333334
0.01	0.97	0.01	0.01
0.01	0.297	0.033	0.66
0.133333333333333	0.0666666666666667	0.466666666666667	0.333333333333333
0.294	0.01	0.686	0.01
0.033	0.01	0.759	0.198
0.7	0.1	0.166666666666667	0.0333333333333333
#
