#INCLUSive Motif Model v1.0
#
#ID = STRA13_01
#W = 14
#Consensus = NYSTCACGTGABNN
0.130434782608696	0.391304347826087	0.304347826086957	0.173913043478261
0.0869565217391304	0.391304347826087	0.130434782608696	0.391304347826087
0.130434782608696	0.347826086956522	0.434782608695652	0.0869565217391304
0.01	0.0430434782608696	0.215217391304348	0.731739130434783
0.01	0.97	0.01	0.01
0.97	0.01	0.01	0.01
0.01	0.937391304347826	0.01	0.0426086956521739
0.01	0.01	0.97	0.01
0.01	0.01	0.01	0.97
0.01	0.01	0.97	0.01
0.817826086956522	0.129130434782609	0.01	0.0430434782608696
0.01	0.387391304347826	0.344347826086957	0.258260869565217
0.173913043478261	0.391304347826087	0.217391304347826	0.217391304347826
0.304347826086957	0.173913043478261	0.260869565217391	0.260869565217391
#
