#INCLUSive Motif Model v1.0
#
#ID = T3R_Q6
#W = 9
#Consensus = MNTGWCCTN
0.333333333333333	0.444444444444444	0.0277777777777778	0.194444444444444
0.166666666666667	0.388888888888889	0.277777777777778	0.166666666666667
0.0833333333333333	0.138888888888889	0.111111111111111	0.666666666666667
0.0555555555555556	0.194444444444444	0.722222222222222	0.0277777777777778
0.361111111111111	0.0833333333333333	0.0277777777777778	0.527777777777778
0.055	0.9075	0.0275	0.01
0.01	0.97	0.01	0.01
0.01	0.11	0.0275	0.8525
0.0277777777777778	0.277777777777778	0.277777777777778	0.416666666666667
#
