#INCLUSive Motif Model v1.0
#
#ID = TATA_C
#W = 10
#Consensus = NCTATAAAAR
0.224550898203593	0.291167664670659	0.18562874251497	0.298652694610778
0.01	0.7545325355273	0.19696335078534	0.0385041136873597
0.0244353029169783	0.246574420344054	0.01	0.718990276738968
0.715392670157068	0.01	0.01	0.264607329842932
0.01	0.01	0.01	0.97
0.97	0.01	0.01	0.01
0.909580838323353	0.01	0.01	0.0704191616766467
0.97	0.01	0.01	0.01
0.97	0.01	0.01	0.01
0.293413173652695	0.101796407185629	0.457335329341317	0.147455089820359
#
