#INCLUSive Motif Model v1.0
#
#ID = TAXCREB_01
#W = 15
#Consensus = GGGGGTTGACGYANA
0.117647058823529	0.117647058823529	0.529411764705882	0.235294117647059
0.117647058823529	0.117647058823529	0.588235294117647	0.176470588235294
0.01	0.116470588235294	0.815294117647059	0.0582352941176471
0.01	0.115294117647058	0.864705882352942	0.01
0.0576470588235294	0.01	0.92235294117647	0.01
0.0588235294117647	0.117647058823529	0.235294117647059	0.588235294117647
0.01	0.01	0.01	0.97
0.01	0.01	0.807058823529412	0.172941176470588
0.97	0.01	0.01	0.01
0.01	0.97	0.01	0.01
0.01	0.01	0.97	0.01
0.0588235294117647	0.411764705882353	0.117647058823529	0.411764705882353
0.640588235294118	0.291176470588236	0.0582352941176471	0.01
0.235294117647059	0.176470588235294	0.294117647058824	0.294117647058824
0.529411764705882	0.117647058823529	0.176470588235294	0.176470588235294
#
