#INCLUSive Motif Model v1.0
#
#ID = USF_Q6_01
#W = 12
#Consensus = NRCCACGTGASN
0.333333333333333	0.222222222222222	0.388888888888889	0.0555555555555556
0.5	0.194444444444444	0.277777777777778	0.0277777777777778
0.222222222222222	0.527777777777778	0.166666666666667	0.0833333333333333
0.055	0.9075	0.01	0.0275
0.805555555555556	0.138888888888889	0.0277777777777778	0.0277777777777778
0.0555555555555556	0.694444444444444	0.194444444444444	0.0555555555555556
0.11	0.055	0.825	0.01
0.0277777777777778	0.0277777777777778	0.0833333333333333	0.861111111111111
0.01	0.0544444444444445	0.925555555555555	0.01
0.694444444444444	0.0277777777777778	0.194444444444444	0.0833333333333333
0.01	0.55	0.33	0.11
0.333333333333333	0.333333333333333	0.111111111111111	0.222222222222222
#
