#INCLUSive Motif Model v1.0
#
#ID = YY1_Q6
#W = 9
#Consensus = GCCATNTTN
0.0860869565217391	0.01	0.731739130434783	0.172173913043478
0.0430434782608696	0.903913043478261	0.0430434782608696	0.01
0.01	0.894782608695653	0.01	0.0852173913043478
0.903913043478261	0.0430434782608696	0.0430434782608696	0.01
0.01	0.0430434782608696	0.0430434782608696	0.903913043478261
0.0869565217391304	0.391304347826087	0.260869565217391	0.260869565217391
0.0869565217391304	0.0434782608695652	0.0869565217391304	0.782608695652174
0.0434782608695652	0.130434782608696	0.130434782608696	0.695652173913043
0.0869565217391304	0.173913043478261	0.434782608695652	0.304347826086957
#
