#INCLUSive Motif Model v1.0
#
#ID = ZF5_01
#W = 8
#Consensus = GSGCGCGR
0.10421052631579	0.01	0.833684210526316	0.0521052631578947
0.105263157894737	0.421052631578947	0.421052631578947	0.0526315789473684
0.156315789473684	0.0521052631578947	0.781578947368421	0.01
0.105263157894737	0.736842105263158	0.105263157894737	0.0526315789473684
0.157894736842105	0.0526315789473684	0.736842105263158	0.0526315789473684
0.0526315789473684	0.789473684210526	0.0526315789473684	0.105263157894737
0.105263157894737	0.105263157894737	0.684210526315789	0.105263157894737
0.46421052631579	0.01	0.51578947368421	0.01
#
