#INCLUSive Motif Model v1.0
#
#ID = ZIC3_01
#W = 9
#Consensus = NGGGKGGTC
0.171428571428571	0.257142857142857	0.142857142857143	0.428571428571429
0.0848571428571428	0.0282857142857143	0.876857142857143	0.01
0.0285714285714286	0.0285714285714286	0.828571428571429	0.114285714285714
0.0571428571428571	0.0571428571428571	0.828571428571429	0.0571428571428571
0.142857142857143	0.0285714285714286	0.285714285714286	0.542857142857143
0.142857142857143	0.114285714285714	0.657142857142857	0.0857142857142857
0.171428571428571	0.171428571428571	0.542857142857143	0.114285714285714
0.0857142857142857	0.2	0.0857142857142857	0.628571428571429
0.0857142857142857	0.628571428571429	0.142857142857143	0.142857142857143
